5.000000000000000000e-01 5.189555883407592773e-01 1.037911176681518555e+00
5.100000000000000089e-01 5.242744684219360352e-01 1.027989149093627930e+00
5.200000000000000178e-01 5.295932292938232422e-01 1.018448591232299805e+00
5.300000000000000266e-01 5.349121093750000000e-01 1.009268164634704590e+00
5.400000000000000355e-01 5.402308702468872070e-01 1.000427484512329102e+00
5.500000000000000444e-01 5.455497503280639648e-01 9.919086098670959473e-01
5.600000000000000533e-01 5.508685111999511719e-01 9.836937785148620605e-01
5.700000000000000622e-01 5.561873912811279297e-01 9.757673740386962891e-01
5.799999999999999600e-01 5.615061521530151367e-01 9.681140780448913574e-01
5.899999999999999689e-01 5.663993358612060547e-01 9.599989056587219238e-01
5.999999999999999778e-01 5.693382024765014648e-01 9.488969445228576660e-01
6.099999999999999867e-01 5.710296630859375000e-01 9.361141920089721680e-01
6.199999999999999956e-01 5.725953578948974609e-01 9.235408902168273926e-01
6.300000000000000044e-01 5.741611719131469727e-01 9.113669395446777344e-01
6.400000000000000133e-01 5.757268667221069336e-01 8.995732665061950684e-01
6.500000000000000222e-01 5.772926807403564453e-01 8.881426453590393066e-01
6.600000000000000311e-01 5.788583755493164062e-01 8.770580887794494629e-01
6.700000000000000400e-01 5.804240703582763672e-01 8.663045763969421387e-01
6.799999999999999378e-01 5.819897651672363281e-01 8.558672666549682617e-01
6.899999999999999467e-01 5.835554599761962891e-01 8.457325696945190430e-01
6.999999999999999556e-01 5.851212739944458008e-01 8.358875513076782227e-01
7.099999999999999645e-01 5.866869688034057617e-01 8.263196945190429688e-01
7.199999999999999734e-01 5.882526636123657227e-01 8.170175552368164062e-01
7.299999999999999822e-01 5.898184776306152344e-01 8.079705238342285156e-01
7.399999999999999911e-01 5.913841724395751953e-01 7.991678118705749512e-01
7.500000000000000000e-01 5.929498672485351562e-01 7.905998229980468750e-01
7.600000000000000089e-01 5.945155620574951172e-01 7.822573184967041016e-01
7.700000000000000178e-01 5.960813760757446289e-01 7.741316556930541992e-01
7.800000000000000266e-01 5.976403951644897461e-01 7.662056684494018555e-01
7.900000000000000355e-01 5.991940498352050781e-01 7.584734559059143066e-01
8.000000000000000444e-01 6.007478237152099609e-01 7.509347796440124512e-01
8.100000000000000533e-01 6.023015975952148438e-01 7.435821890830993652e-01
8.200000000000000622e-01 6.038552522659301758e-01 7.364088296890258789e-01
8.300000000000000711e-01 6.054090261459350586e-01 7.294085025787353516e-01
8.400000000000000799e-01 6.069626808166503906e-01 7.225746512413024902e-01
8.500000000000000888e-01 6.085164546966552734e-01 7.159016728401184082e-01
8.599999999999999867e-01 6.100702285766601562e-01 7.093839645385742188e-01
8.699999999999999956e-01 6.116114854812622070e-01 7.030016779899597168e-01
8.800000000000000044e-01 6.131511926651000977e-01 6.967627406120300293e-01
8.900000000000000133e-01 6.146908998489379883e-01 6.906639337539672852e-01
9.000000000000000222e-01 6.162306070327758789e-01 6.847006678581237793e-01
9.100000000000000311e-01 6.177619695663452148e-01 6.788592934608459473e-01
9.199999999999999289e-01 6.192907094955444336e-01 6.731420755386352539e-01
9.299999999999999378e-01 6.208195686340332031e-01 6.675479412078857422e-01
9.399999999999999467e-01 6.223481893539428711e-01 6.620725393295288086e-01
9.499999999999999556e-01 6.238771677017211914e-01 6.567128300666809082e-01
9.599999999999999645e-01 6.264932155609130859e-01 6.525971293449401855e-01
9.699999999999999734e-01 6.304097175598144531e-01 6.499069333076477051e-01
9.799999999999999822e-01 6.343263387680053711e-01 6.472717523574829102e-01
9.899999999999999911e-01 6.382428407669067383e-01 6.446897387504577637e-01
1.000000000000000000e+00 6.429971456527709961e-01 6.429971456527709961e-01
1.010000000000000009e+00 6.521135568618774414e-01 6.456570029258728027e-01
1.020000000000000018e+00 6.624424457550048828e-01 6.494534015655517578e-01
1.030000000000000027e+00 6.729024648666381836e-01 6.533033847808837891e-01
1.040000000000000036e+00 6.848635673522949219e-01 6.585226655006408691e-01
1.050000000000000044e+00 6.968246698379516602e-01 6.636425852775573730e-01
1.060000000000000053e+00 7.087857723236083984e-01 6.686658859252929688e-01
1.070000000000000062e+00 7.218677997589111328e-01 6.746427416801452637e-01
1.080000000000000071e+00 7.349991798400878906e-01 6.805547475814819336e-01
1.089999999999999858e+00 7.481305599212646484e-01 6.863582730293273926e-01
1.100000000000000089e+00 7.612619400024414062e-01 6.920562982559204102e-01
1.109999999999999876e+00 7.743934392929077148e-01 6.976517438888549805e-01
1.120000000000000107e+00 7.875248193740844727e-01 7.031471729278564453e-01
1.129999999999999893e+00 8.006561994552612305e-01 7.085453271865844727e-01
1.140000000000000124e+00 8.137876987457275391e-01 7.138488888740539551e-01
1.149999999999999911e+00 8.269190788269042969e-01 7.190600633621215820e-01
1.160000000000000142e+00 8.400504589080810547e-01 7.241814732551574707e-01
1.169999999999999929e+00 8.531818389892578125e-01 7.292152643203735352e-01
1.180000000000000160e+00 8.663133382797241211e-01 7.341638803482055664e-01
1.189999999999999947e+00 8.794449567794799805e-01 7.390293478965759277e-01
1.200000000000000178e+00 8.925763368606567383e-01 7.438135743141174316e-01
1.209999999999999964e+00 9.057077169418334961e-01 7.485187649726867676e-01
1.219999999999999973e+00 9.188390970230102539e-01 7.531467676162719727e-01
1.229999999999999982e+00 9.319705963134765625e-01 7.576996684074401855e-01
1.239999999999999991e+00 9.451019763946533203e-01 7.621790170669555664e-01
1.250000000000000000e+00 9.582333564758300781e-01 7.665866613388061523e-01
1.260000000000000009e+00 9.713648557662963867e-01 7.709245085716247559e-01
1.270000000000000018e+00 9.844961166381835938e-01 7.751938104629516602e-01
1.280000000000000027e+00 9.976276159286499023e-01 7.793965935707092285e-01
1.290000000000000036e+00 1.010758996009826660e+00 7.835341095924377441e-01
1.300000000000000044e+00 1.023890495300292969e+00 7.876080870628356934e-01
1.310000000000000053e+00 1.037021994590759277e+00 7.916198968887329102e-01
1.320000000000000062e+00 1.050153493881225586e+00 7.955707907676696777e-01
1.330000000000000071e+00 1.063284873962402344e+00 7.994622588157653809e-01
1.339999999999999858e+00 1.076416373252868652e+00 8.032957911491394043e-01
1.350000000000000089e+00 1.089547753334045410e+00 8.070724010467529297e-01
1.359999999999999876e+00 1.102679133415222168e+00 8.107934594154357910e-01
1.370000000000000107e+00 1.115810632705688477e+00 8.144603371620178223e-01
1.379999999999999893e+00 1.128941893577575684e+00 8.180738091468811035e-01
1.390000000000000124e+00 1.142073392868041992e+00 8.216355443000793457e-01
1.399999999999999911e+00 1.155204892158508301e+00 8.251463770866394043e-01
1.410000000000000142e+00 1.168336272239685059e+00 8.286073207855224609e-01
1.419999999999999929e+00 1.181467652320861816e+00 8.320195078849792480e-01
1.430000000000000160e+00 1.194599032402038574e+00 8.353839516639709473e-01
1.439999999999999947e+00 1.207730650901794434e+00 8.387017846107482910e-01
1.450000000000000178e+00 1.220862150192260742e+00 8.419738411903381348e-01
1.459999999999999964e+00 1.233993411064147949e+00 8.452009558677673340e-01
1.469999999999999973e+00 1.247124791145324707e+00 8.483842015266418457e-01
1.479999999999999982e+00 1.260256171226501465e+00 8.515244126319885254e-01
1.489999999999999991e+00 1.273308277130126953e+00 8.545693159103393555e-01
1.500000000000000000e+00 1.286326766014099121e+00 8.575511574745178223e-01
