5.000000000000000000e-01 -7.810692489147186279e-02 -1.562138497829437256e-01
5.100000000000000089e-01 -7.966907322406768799e-02 -1.562138646841049194e-01
5.200000000000000178e-01 -8.123120665550231934e-02 -1.562138646841049194e-01
5.300000000000000266e-01 -8.279333263635635376e-02 -1.562138497829437256e-01
5.400000000000000355e-01 -8.435548841953277588e-02 -1.562138646841049194e-01
5.500000000000000444e-01 -8.591762185096740723e-02 -1.562138497829437256e-01
5.600000000000000533e-01 -8.747976273298263550e-02 -1.562138646841049194e-01
5.700000000000000622e-01 -8.904188871383666992e-02 -1.562138348817825317e-01
5.799999999999999600e-01 -9.060404449701309204e-02 -1.562138795852661133e-01
5.899999999999999689e-01 -9.216617792844772339e-02 -1.562138646841049194e-01
5.999999999999999778e-01 -9.372831881046295166e-02 -1.562138646841049194e-01
6.099999999999999867e-01 -9.529045969247817993e-02 -1.562138646841049194e-01
6.199999999999999956e-01 -9.685260802507400513e-02 -1.562138795852661133e-01
6.300000000000000044e-01 -9.841472655534744263e-02 -1.562138497829437256e-01
6.400000000000000133e-01 -9.997685998678207397e-02 -1.562138497829437256e-01
6.500000000000000222e-01 -1.015390083193778992e-01 -1.562138646841049194e-01
6.600000000000000311e-01 -1.031011566519737244e-01 -1.562138646841049194e-01
6.700000000000000400e-01 -1.046632900834083557e-01 -1.562138646841049194e-01
6.799999999999999378e-01 -1.062254235148429871e-01 -1.562138497829437256e-01
6.899999999999999467e-01 -1.077875643968582153e-01 -1.562138646841049194e-01
6.999999999999999556e-01 -1.093496829271316528e-01 -1.562138348817825317e-01
7.099999999999999645e-01 -1.109118461608886719e-01 -1.562138795852661133e-01
7.199999999999999734e-01 -1.124739870429039001e-01 -1.562138646841049194e-01
7.299999999999999822e-01 -1.140361204743385315e-01 -1.562138646841049194e-01
7.399999999999999911e-01 -1.155982613563537598e-01 -1.562138646841049194e-01
7.500000000000000000e-01 -1.171603947877883911e-01 -1.562138646841049194e-01
7.600000000000000089e-01 -1.187225356698036194e-01 -1.562138646841049194e-01
7.700000000000000178e-01 -1.202846914529800415e-01 -1.562138944864273071e-01
7.800000000000000266e-01 -1.218467950820922852e-01 -1.562138497829437256e-01
7.900000000000000355e-01 -1.234089508652687073e-01 -1.562138646841049194e-01
8.000000000000000444e-01 -1.249711066484451294e-01 -1.562138795852661133e-01
8.100000000000000533e-01 -1.265332251787185669e-01 -1.562138646841049194e-01
8.200000000000000622e-01 -1.280953735113143921e-01 -1.562138646841049194e-01
8.300000000000000711e-01 -1.296574920415878296e-01 -1.562138497829437256e-01
8.400000000000000799e-01 -1.312196552753448486e-01 -1.562138795852661133e-01
8.500000000000000888e-01 -1.327817887067794800e-01 -1.562138646841049194e-01
8.599999999999999867e-01 -1.343439370393753052e-01 -1.562138795852661133e-01
8.699999999999999956e-01 -1.359060555696487427e-01 -1.562138497829437256e-01
8.800000000000000044e-01 -1.374681890010833740e-01 -1.562138497829437256e-01
8.900000000000000133e-01 -1.390303224325180054e-01 -1.562138497829437256e-01
9.000000000000000222e-01 -1.405924707651138306e-01 -1.562138646841049194e-01
9.100000000000000311e-01 -1.421546190977096558e-01 -1.562138646841049194e-01
9.199999999999999289e-01 -1.437167525291442871e-01 -1.562138646841049194e-01
9.299999999999999378e-01 -1.452789008617401123e-01 -1.562138646841049194e-01
9.399999999999999467e-01 -1.468410491943359375e-01 -1.562138795852661133e-01
9.499999999999999556e-01 -1.484031677246093750e-01 -1.562138646841049194e-01
9.599999999999999645e-01 -1.499653011560440063e-01 -1.562138646841049194e-01
9.699999999999999734e-01 -1.515274494886398315e-01 -1.562138646841049194e-01
9.799999999999999822e-01 -1.530895829200744629e-01 -1.562138497829437256e-01
9.899999999999999911e-01 -1.546517312526702881e-01 -1.562138646841049194e-01
1.000000000000000000e+00 -1.562138497829437256e-01 -1.562138497829437256e-01
1.010000000000000009e+00 -1.577759981155395508e-01 -1.562138646841049194e-01
1.020000000000000018e+00 -1.593381464481353760e-01 -1.562138646841049194e-01
1.030000000000000027e+00 -1.609002649784088135e-01 -1.562138497829437256e-01
1.040000000000000036e+00 -1.624624133110046387e-01 -1.562138646841049194e-01
1.050000000000000044e+00 -1.640245318412780762e-01 -1.562138497829437256e-01
1.060000000000000053e+00 -1.655866652727127075e-01 -1.562138497829437256e-01
1.070000000000000062e+00 -1.671488136053085327e-01 -1.562138348817825317e-01
1.080000000000000071e+00 -1.687109768390655518e-01 -1.562138646841049194e-01
1.089999999999999858e+00 -1.702731102705001831e-01 -1.562138646841049194e-01
1.100000000000000089e+00 -1.718352437019348145e-01 -1.562138497829437256e-01
1.109999999999999876e+00 -1.733973920345306396e-01 -1.562138646841049194e-01
1.120000000000000107e+00 -1.749595254659652710e-01 -1.562138646841049194e-01
1.129999999999999893e+00 -1.765216737985610962e-01 -1.562138646841049194e-01
1.140000000000000124e+00 -1.780837774276733398e-01 -1.562138348817825317e-01
1.149999999999999911e+00 -1.796459257602691650e-01 -1.562138497829437256e-01
1.160000000000000142e+00 -1.812080889940261841e-01 -1.562138795852661133e-01
1.169999999999999929e+00 -1.827702373266220093e-01 -1.562138795852661133e-01
1.180000000000000160e+00 -1.843323558568954468e-01 -1.562138646841049194e-01
1.189999999999999947e+00 -1.858945041894912720e-01 -1.562138646841049194e-01
1.200000000000000178e+00 -1.874566376209259033e-01 -1.562138646841049194e-01
1.209999999999999964e+00 -1.890187859535217285e-01 -1.562138646841049194e-01
1.219999999999999973e+00 -1.905809193849563599e-01 -1.562138646841049194e-01
1.229999999999999982e+00 -1.921430528163909912e-01 -1.562138646841049194e-01
1.239999999999999991e+00 -1.937052160501480103e-01 -1.562138795852661133e-01
1.250000000000000000e+00 -1.952673345804214478e-01 -1.562138646841049194e-01
1.260000000000000009e+00 -1.968294531106948853e-01 -1.562138497829437256e-01
1.270000000000000018e+00 -1.983916163444519043e-01 -1.562138795852661133e-01
1.280000000000000027e+00 -1.999537199735641479e-01 -1.562138497829437256e-01
1.290000000000000036e+00 -2.015158832073211670e-01 -1.562138646841049194e-01
1.300000000000000044e+00 -2.030780166387557983e-01 -1.562138646841049194e-01
1.310000000000000053e+00 -2.046401500701904297e-01 -1.562138646841049194e-01
1.320000000000000062e+00 -2.062023133039474487e-01 -1.562138646841049194e-01
1.330000000000000071e+00 -2.077644616365432739e-01 -1.562138795852661133e-01
1.339999999999999858e+00 -2.093265801668167114e-01 -1.562138646841049194e-01
1.350000000000000089e+00 -2.108887135982513428e-01 -1.562138646841049194e-01
1.359999999999999876e+00 -2.124508470296859741e-01 -1.562138497829437256e-01
1.370000000000000107e+00 -2.140130102634429932e-01 -1.562138795852661133e-01
1.379999999999999893e+00 -2.155751287937164307e-01 -1.562138646841049194e-01
1.390000000000000124e+00 -2.171372771263122559e-01 -1.562138646841049194e-01
1.399999999999999911e+00 -2.186993658542633057e-01 -1.562138348817825317e-01
1.410000000000000142e+00 -2.202615439891815186e-01 -1.562138646841049194e-01
1.419999999999999929e+00 -2.218236923217773438e-01 -1.562138795852661133e-01
1.430000000000000160e+00 -2.233858108520507812e-01 -1.562138646841049194e-01
1.439999999999999947e+00 -2.249479740858078003e-01 -1.562138646841049194e-01
1.450000000000000178e+00 -2.265101224184036255e-01 -1.562138795852661133e-01
1.459999999999999964e+00 -2.280722409486770630e-01 -1.562138646841049194e-01
1.469999999999999973e+00 -2.296344041824340820e-01 -1.562138795852661133e-01
1.479999999999999982e+00 -2.311965227127075195e-01 -1.562138646841049194e-01
1.489999999999999991e+00 -2.327586412429809570e-01 -1.562138497829437256e-01
1.500000000000000000e+00 -2.343207895755767822e-01 -1.562138646841049194e-01
