0.278955
0.273319
0.267684
0.262048
0.256413
0.250777
0.245142
0.239507
0.233871
0.228236
0.222600
0.216965
0.211329
0.205694
0.200058
0.194423
0.188788
0.183152
0.177517
0.171881
0.166246
0.160610
0.154975
0.149339
0.143704
0.138069
0.132433
0.126798
0.121162
0.115527
0.109891
0.104256
0.098620
0.092985
0.087349
0.081714
0.076079
0.070443
0.064808
0.059172
0.053537
0.047901
0.042266
0.036630
0.030995
0.025360
0.019724
0.014089
0.008453
0.002818
0.008514
0.025543
0.042572
0.059601
0.076630
0.093659
0.110687
0.127716
0.144745
0.161774
0.178803
0.195831
0.212860
0.229889
0.246918
0.263947
0.280976
0.298004
0.315033
0.332062
0.349091
0.366120
0.383148
0.400177
0.417206
0.434235
0.451264
0.468293
0.485321
0.502350
0.519379
0.536408
0.553437
0.570465
0.587494
0.604523
0.621552
0.638581
0.655610
0.672638
0.689667
0.706696
0.723725
0.740754
0.757782
0.774811
0.791840
0.808869
0.825898
0.842927
