0.000956
0.037834
0.072445
0.106055
0.139664
0.173280
0.207990
0.243774
0.278077
0.312101
0.347458
0.383454
0.419775
0.457833
0.499146
0.541161
0.582530
0.619722
0.656190
0.692738
0.728770
0.763655
0.796661
0.825431
0.850951
0.873281
0.893592
0.915034
0.936178
0.957230
0.976273
0.989609
0.997570
1.002841
1.004597
1.002745
0.998893
0.990784
0.982675
0.974566
0.965704
0.956147
0.946539
0.936810
0.927081
0.917474
0.908117
0.900835
0.900429
0.907516
0.919176
0.928841
0.935108
0.940830
0.946551
0.952272
0.957994
0.963715
0.969436
0.975157
0.980879
0.986600
0.992321
0.998043
1.003764
1.006565
1.007398
1.003332
0.993858
0.984317
0.974776
0.965236
0.950715
0.933849
0.916707
0.899717
0.882011
0.863702
0.845392
0.826353
0.806415
0.781478
0.756103
0.728165
0.698662
0.667077
0.634143
0.600360
0.566577
0.532746
0.496349
0.459929
0.423510
0.387091
0.350671
0.311321
0.270668
0.228898
0.182177
0.134825
