0.999996
0.999996
0.999996
0.999996
0.999996
0.999996
0.999996
0.999996
0.999996
0.999996
0.999996
0.999997
0.999997
0.999997
0.999997
0.999997
0.999997
0.999997
0.999997
0.999997
0.999996
0.999996
0.999996
0.999996
0.999996
0.999995
0.999994
0.999993
0.999992
0.999989
0.999985
0.999979
0.999969
0.999952
0.999920
0.999863
0.999749
0.999537
0.999140
0.998318
0.996678
0.993361
0.986565
0.972705
0.944937
0.888137
0.779390
0.587995
0.297784
-0.068284
-0.428960
-0.692560
-0.847467
-0.927658
-0.966510
-0.984914
-0.993243
-0.996980
-0.998652
-0.999398
-0.999732
-0.999878
-0.999937
-0.999953
-0.999959
-0.999961
-0.999963
-0.999965
-0.999966
-0.999968
-0.999968
-0.999969
-0.999970
-0.999970
-0.999970
-0.999971
-0.999971
-0.999971
-0.999971
-0.999971
-0.999971
-0.999971
-0.999971
-0.999971
-0.999971
-0.999971
-0.999971
-0.999970
-0.999970
-0.999970
-0.999970
-0.999970
-0.999970
-0.999970
-0.999969
-0.999969
-0.999969
-0.999969
-0.999969
-0.999969
