0.383159
0.376178
0.369154
0.362088
0.354980
0.347830
0.340640
0.333410
0.326141
0.318832
0.311486
0.304102
0.296681
0.289225
0.281733
0.274206
0.266646
0.259053
0.251428
0.243771
0.236084
0.228367
0.220622
0.212848
0.205048
0.197221
0.189369
0.181493
0.173593
0.165671
0.157728
0.149764
0.141781
0.133779
0.125760
0.117724
0.109673
0.101607
0.093528
0.085437
0.077334
0.069221
0.061099
0.052969
0.044832
0.036689
0.028541
0.020389
0.012234
0.004078
-0.001143
-0.003429
-0.005715
-0.008001
-0.010287
-0.012573
-0.014858
-0.017144
-0.019429
-0.021714
-0.023999
-0.026284
-0.028568
-0.030852
-0.033136
-0.035419
-0.037702
-0.039985
-0.042267
-0.044549
-0.046830
-0.049111
-0.051391
-0.053671
-0.055950
-0.058228
-0.060506
-0.062784
-0.065060
-0.067337
-0.069612
-0.071886
-0.074160
-0.076433
-0.078706
-0.080977
-0.083248
-0.085518
-0.087787
-0.090055
-0.092322
-0.094588
-0.096853
-0.099117
-0.101380
-0.103642
-0.105903
-0.108163
-0.110421
-0.112679
