1.763535648066947015e-01 3.513122252753030361e-01
9.319854628368121063e-02 2.021655186982139474e-01
2.560761084381159014e-01 1.493242879540656320e-01
1.830814017690774731e-01 2.672089809881753042e-02
2.532169916078338967e-02 3.210989362874264175e-01
-1.358944983616715840e-01 3.597942990698296262e-01
-1.637891432088071086e-01 2.225070525313201653e-01
-3.046537403752859197e-01 1.275903723830044967e-01
-8.408227969601528295e-02 -3.229298528646129540e-02
-7.471749891522050380e-03 1.907371141536104708e-01
2.877520097587556863e-02 1.903332346491010130e-02
-1.182635408810464028e-01 9.401117147183557510e-03
-1.986832455743350045e-01 2.159885587595457290e-02
-4.184812357746500733e-02 -1.616300438208486678e-01
-7.970301773172561166e-02 -2.240166157589286999e-01
-1.812913390267285596e-01 -2.971917683622668505e-02
6.434262743616089852e-02 -7.505309637611304319e-02
-8.687788643257537968e-02 -4.568486241744276755e-02
-2.128625955155258875e-01 -6.646021490421821776e-02
1.082441646547646630e-02 -1.393616561247492669e-01
1.148294673059784554e-01 1.378367914368029690e-01
1.001644713626999861e-01 1.913357668755650831e-01
-8.369379563821138790e-02 -7.568241372969244929e-02
-1.517945865306764286e-01 -1.128571734716356245e-01
-1.220515075928505638e-01 1.354167769817463951e-01
-3.093560799182992760e-02 2.915977608012204070e-01
-1.936779309595425547e-01 1.800493333941615426e-01
-1.175953033078197818e-01 3.385649624510980171e-01
-5.091673280308031679e-02 3.506228126497348274e-01
1.111817999251382971e-01 2.067782531567061433e-01
1.418581394928105643e-01 1.638128091878806591e-01
1.497890887134929738e-01 1.063631951885661564e-01
1.193227757103428044e-01 -1.152181211023875496e-02
6.937996085272610247e-03 -2.240198554364603717e-02
-1.235217120088117487e-01 2.750186295331150110e-04
-1.435939725901024255e-01 -7.749491443339473484e-03
-5.376747026197981061e-02 1.371826699844667929e-01
3.719657113025823247e-02 2.323472797902285947e-01
-8.998176426735879363e-03 1.555501121946482324e-01
3.484591119967886397e-02 -1.287149335415785911e-01
-1.609324605917914208e-01 -1.228418846872575687e-01
-2.585631252614611908e-01 -2.796924022658089926e-01
-4.000633744944626091e-01 -3.171636539974952429e-01
-4.321780536911236092e-01 -4.300778577430162120e-01
-2.806180496830199544e-01 -4.608819108458546143e-01
-4.523907936882012315e-01 -3.964483016045075026e-01
-5.051764748386089465e-01 -3.434361252908207929e-01
-3.465736776434813482e-01 -1.649189274353237422e-01
-4.160889417948251401e-01 -2.503907271150091485e-01
-2.286608855738293256e-01 -2.174897652794841596e-01
-2.740113175670194079e-01 -3.097912645431413758e-02
-1.997697744504227935e-01 -9.845904805776345414e-02
-2.858310930486973600e-01 -2.189972610396942465e-02
9.530302604502383090e-04 8.273703618893932243e-02
1.082284644875327606e-01 -2.054722337932124721e-01
-3.615304605491875822e-02 7.822288316735401259e-02
1.702547461502988690e-01 1.331772972905564401e-01
2.803634597837964537e-02 7.395976870375989276e-02
7.894974445135113927e-02 1.173203589258189211e-01
-8.668086996947045597e-02 1.585295483881264123e-01
5.482768942904724108e-02 1.118865994074842718e-01
1.948252878972797086e-01 -2.968570790648875080e-02
3.933889052478198867e-01 -1.128186489405343662e-01
3.188589259322864855e-01 5.100389415163344986e-02
1.421839320193993284e-01 1.265249778219212085e-01
-2.745749591211284202e-02 9.302838366070317888e-02
8.264744647589623849e-02 -1.782282824347388162e-01
1.251514636754061383e-03 1.028562927757165346e-01
1.183809629198920993e-01 -1.593116632696346402e-01
3.090149218480201521e-01 -1.136718816345098915e-01
1.552927684399699471e-01 -1.481601602217383629e-01
1.698845778532848683e-01 -4.985034347769881635e-02
1.578252365723762096e-01 -2.026977886446591770e-01
8.819538659137179937e-02 7.221699948916546208e-02
1.365579235510945011e-01 9.535937972681726715e-02
-2.634910124908733386e-02 1.050439620474044600e-01
-1.662982803137254550e-01 1.887643934968939730e-01
1.226970266253122055e-01 3.169167777747512460e-01
2.547148059258346198e-01 3.629721930898276439e-01
9.663930873131873489e-02 1.592229922823159838e-01
1.948232345410780275e-01 2.171449131977892799e-03
1.185631141602641880e-01 3.263897000007386084e-02
3.236719182773806214e-02 -1.180508670390125886e-01
2.081978345400429808e-01 -1.595059090745176988e-01
-8.415494039464060938e-02 -3.686245334131513229e-02
1.624038421496659668e-02 -1.058029197705777358e-01
-8.042470413360164327e-02 -1.438497917776702939e-02
3.468052012496031233e-02 1.132225034509058981e-01
7.214341729067209885e-02 1.499288984059814200e-01
-1.127505452885346343e-01 1.676571557171405435e-01
-2.951380419433455304e-01 -2.097792492559463762e-02
-6.996157538895422801e-02 1.522043096400763074e-01
4.509533145010007071e-02 6.039754184660101055e-02
-5.346291916700487978e-02 5.733491579769382090e-02
-7.399279788116508438e-02 2.126570597551211139e-01
-3.639410522900801692e-03 1.417437346333029757e-01
-1.304626940116940248e-01 2.363632309879714899e-01
-1.056794816209674220e-01 4.447530074942923628e-02
-3.699329137182685856e-02 1.195021192062172000e-02
8.502530325130722155e-02 1.165552317804602750e-01
-1.409199006661630837e-01 3.510220722652555858e-02
5.030845983057276316e-02 7.288203519371681816e-02
-1.127468191638587025e-01 3.311765505959805844e-02
1.048096577098980020e-01 1.001657509846854005e-01
1.351449975926911629e-01 2.174338796943095509e-01
1.621007688634886756e-01 -3.240763426534004621e-02
2.549755461150393643e-01 1.659602699600393472e-01
7.271107957728586979e-02 1.009517318959985560e-01
1.446907343881655983e-01 -1.137491010524713658e-01
1.588463117512395328e-02 -3.825636127609291504e-02
2.012789101142616333e-01 1.409320307283134510e-01
-3.542532043781160267e-02 2.606354730679222298e-02
2.081162713253197072e-03 1.696383765624873141e-01
8.253006161315237788e-02 2.647508484089533543e-01
2.233614384528615215e-01 7.152600751597512629e-02
1.169340095064408114e-01 2.440857497161733058e-03
9.723945226137403752e-02 1.912141610961676785e-01
9.917790361113676401e-03 1.417379453731425210e-01
1.696412922437112170e-01 -6.292825369190732654e-02
3.850398131531804213e-02 2.795557676527384017e-02
1.013115592223244460e-01 -4.114695958602042347e-02
1.657499797276125175e-01 1.308753894981039001e-01
1.283590492571131669e-01 3.982491201053317553e-02
-8.198282106018896231e-02 1.836564983338469514e-01
-1.285778249907060244e-02 -2.168351625208826683e-02
-1.290732185981215974e-01 1.710454500008239398e-01
-8.034878042373674867e-02 2.355838683735617944e-01
2.380246441596470253e-03 8.222282416679735362e-02
-1.380181421780101170e-01 1.170777843203675561e-01
8.645209808634954363e-02 2.939567179833715849e-02
1.101804891218413629e-02 -1.086878029223591891e-01
-1.202444364248097530e-01 -1.701112635864775458e-01
7.552237928059807315e-02 -2.678515532411982480e-01
-1.149538552267423686e-01 -1.134620158996224593e-02
-2.558655901885568129e-01 4.231825283884446676e-02
-1.355177158735502985e-01 2.088093068699568844e-01
-3.015232318607076190e-01 3.065606144852291992e-01
-4.117141624712072900e-01 3.300873190662826362e-01
-1.328087104766993154e-01 3.120704256451711789e-01
6.662478455572937164e-02 4.010316409304409691e-01
2.636312760291084079e-01 3.935699520764748272e-01
3.441556054973237688e-01 1.182094642856730549e-01
4.987159914750596834e-02 4.463503435066032421e-02
4.755704926908968511e-02 6.692225702344684057e-02
-1.559854028653301361e-03 1.050896260658324005e-01
-7.513885834514644202e-02 -7.487434289280087141e-03
-3.815688635538413975e-02 1.268963514062974030e-01
9.924714203410558988e-02 -1.149386898303381144e-01
2.679246430030089721e-02 -1.263326417880056840e-01
-9.782227730960517398e-02 -1.715192325863361400e-01
4.845742096043383074e-02 -8.681631938538789117e-02
-4.731151080870774073e-02 -8.541905991493090045e-02
-1.431476768312067716e-01 -8.280361694217600044e-02
2.369753588393176680e-02 -3.166463331278211030e-02
1.663452601610303505e-01 1.617203774740080813e-01
1.905467020702626690e-01 2.677388610282870340e-01
2.825973328313721167e-01 2.081033682115211170e-01
3.583701417252279642e-01 9.007089359417896901e-02
1.659723648515369077e-01 1.958426590814323076e-02
1.911850256490193745e-01 9.934994677787037376e-03
-3.841113012788507919e-02 -1.384648815644886066e-01
1.344204772663560449e-02 -1.953012903722688154e-01
1.339830183994439594e-01 -2.727608270423381720e-02
-4.517122889466762548e-02 3.405858053971865668e-02
1.185403081358141902e-01 -1.386705598575922738e-01
1.927533771874021251e-01 -4.582104587561013076e-02
1.931998789254715798e-02 -1.377942960747209622e-01
9.970052731454275702e-03 4.898547696985591782e-02
6.210358921498394802e-02 -4.733279298593651152e-02
-6.193781605504601606e-02 -1.551197324659305266e-01
-1.470475214617293358e-01 -1.865043470977647277e-01
-2.224552149724009220e-01 -1.647034339828917227e-01
-2.784240657221708215e-01 -3.480484202847700659e-01
-9.697081545341021402e-02 -3.054434290540302133e-01
-1.656858298752482417e-01 -3.338930874345811262e-01
-1.025998249454096872e-01 -2.132969672424894492e-01
-2.020850369979605987e-01 -2.462049381028204864e-01
-2.699980901672461853e-01 -1.920564408377700982e-01
-5.087456942109327973e-02 -1.633448592106923614e-01
3.758056504110489360e-02 5.459915854124663959e-02
1.246449211479186137e-01 -1.202303326236342507e-02
2.989118460536251964e-01 7.977859668429521101e-02
1.071623586160612984e-01 2.137397268836159214e-01
2.664028176201372888e-01 2.931554499102412281e-01
3.762555463625001373e-01 2.453776428098104756e-01
3.332062851449765217e-01 3.890356060026921581e-01
4.129915442209505239e-01 2.520435297564150856e-01
4.735073625546559750e-01 2.421104036232979151e-01
3.350196924016279887e-01 8.467382872678538841e-02
3.777827688122029071e-02 1.651926459767354971e-01
1.845839081123189507e-01 8.324732396793188549e-02
-9.500951010717265111e-02 -8.252110476077231804e-02
-1.610729800433982617e-01 1.104564424582128862e-01
-1.860140220448738835e-02 2.978986115239976029e-01
-2.081945185162433487e-01 3.042808392560966135e-01
-1.889973492825158530e-01 3.810778183089532645e-01
-2.701967600783150569e-01 4.110952996790280256e-01
-2.385642998036393014e-01 2.387865643424672835e-01
-2.843588954236961897e-01 1.320457778729567655e-01
-2.219423728808276042e-01 1.315871745539232140e-01
-1.938508025889724984e-01 3.305659594104698451e-01
-7.219880114636859081e-02 1.712572421896826347e-01
-7.219880114636859081e-02 1.712572421896826347e-01
