-1.758964719710092439e-01 2.613961347620288311e-01
-3.676551662320326486e-01 1.167290573525565922e-01
-3.510175727761088993e-01 3.000537880445672267e-01
-3.345817433002953312e-01 4.518383168092840463e-01
-2.230185776695410849e-01 2.690964655432449559e-01
-2.771896014547073905e-01 7.766576148655299217e-02
7.124677051086908408e-03 6.077240613941567449e-02
-3.174352637235441921e-02 -1.194981764304202387e-01
2.386656103706086968e-02 -1.097024552598597769e-01
1.369020336041382457e-01 9.317047517070395357e-03
1.182255579581104055e-02 -8.373974030264479118e-02
1.587794539139833205e-01 7.462622073456477712e-02
-1.381540651831228428e-03 -6.819537778156915808e-02
-1.056190003275777195e-01 1.690247908183076797e-01
-1.046950295951698806e-01 -4.556723673230295146e-02
1.408428909486628133e-02 -6.992970449358514029e-02
1.085669077714931929e-01 -5.359848927012372810e-02
2.075958059507347631e-01 -2.114676515905981186e-02
1.280209446151861219e-01 5.967279839229990002e-03
4.059728665162679606e-01 -1.084145479915478716e-01
3.792611791923256037e-01 -2.346926091051944330e-01
1.138468496671753982e-01 -1.132031712124779849e-01
-3.422153378144812685e-02 -4.900918778666822628e-02
7.641161364077628249e-02 6.740772657057937656e-02
-1.579136883056452001e-02 9.522028978064835114e-02
4.424866164000959556e-02 -6.114184715562866190e-02
1.727905827736761490e-01 -2.452972482345138761e-01
1.882878141670104311e-01 1.096411014563722364e-02
6.357359271871587669e-04 7.988690071713539301e-03
1.540749135254248225e-01 1.652504514756923670e-01
3.144847342002397017e-01 9.837524270045103214e-02
8.582595636391990301e-02 1.831245689972894886e-02
2.451734345719202568e-01 -3.755140702547722642e-02
2.712493854069025767e-01 -6.051198218485726033e-02
1.462338597409533480e-01 -2.275521657150097465e-01
4.211615266659443635e-02 6.853834354027094067e-02
1.862875727940797033e-01 -2.102772839483607881e-01
1.264324910500887189e-01 -2.529438248145561285e-01
3.214605503734733194e-01 -2.342015829767273571e-01
2.055158401630371168e-01 -7.509392203796466658e-02
1.303985904869664481e-01 -5.127089379608106012e-02
3.395555155162513494e-02 -1.987509246754602388e-01
-1.281630673525745168e-01 -2.307153213523935043e-01
-2.140673374885346258e-01 1.668234340297253260e-03
-1.499311381353999328e-01 -1.474816999580838839e-01
-1.949553390793003771e-01 -7.675344156982538690e-03
-5.347014769076743890e-02 -2.815146916953248021e-02
1.894160017689586195e-01 1.112226979092421353e-01
6.041646804799266635e-04 -1.450162832386842071e-02
-5.249626725006076300e-03 1.769520740139258197e-01
1.203467830701536040e-01 -7.067324372700717339e-02
5.038255965066201769e-02 -1.858888592093329295e-01
2.112012516570907841e-02 -2.651581819531956263e-01
1.376256114582660173e-01 -3.304496359126638527e-01
2.848547608898877037e-01 -8.426204476604948201e-02
1.239460350426076218e-01 -2.456289974446166646e-01
1.247400048859352295e-01 3.997303548856917521e-02
-1.637507281902325917e-01 2.008001663748806287e-01
-2.088567945363993816e-01 1.318261186022612885e-01
-3.566320241649758027e-01 -1.414610138522854055e-01
-2.489099239101090488e-01 -2.319385613047827144e-01
-5.027202897987502750e-01 -1.126885414532940027e-01
-5.407785847796351408e-01 -3.075413923521370663e-01
-4.521841582930683501e-01 -2.862487773057728613e-01
-3.752536913283153197e-01 -4.180052609099131899e-01
-5.514612432643257733e-01 -2.952953521323655739e-01
-4.788380909298884380e-01 -1.504616135254899234e-01
-4.443676239239152670e-01 -3.467351123837465465e-01
-4.342701820328408457e-01 -2.750659712463797146e-01
-4.558136185386558736e-01 -3.941279879845946965e-01
-2.862627124265277323e-01 -1.873945687380310365e-01
4.693772229995674117e-03 2.330962115537654755e-03
-1.489209302550186242e-01 -3.064847128970972501e-02
-8.602354741087034351e-02 1.636709711702880599e-01
2.202373076650360195e-02 6.204409610869221492e-02
-2.573747132616138744e-02 -2.326954800855726424e-01
-1.121437089948159604e-01 -2.357745609992790981e-01
-1.598366758998995829e-01 5.410231098408546657e-02
-1.422524352873309195e-01 -9.229910804532223678e-02
8.781619124384640318e-02 -3.395819109159864402e-02
-1.882895598326707332e-01 7.389004187328619688e-02
-2.051533433805522721e-01 -6.346465238911154494e-02
-1.113410522596751662e-01 -5.034469602589761866e-02
1.204117638469805740e-01 -1.416422999254177972e-01
-1.867668962058383064e-02 -1.177913293414010187e-01
-8.166971040134106408e-02 3.958995308819287379e-02
-1.780932710003642339e-02 -1.521443065530117822e-01
1.596407367307237785e-02 6.377973027545419393e-03
-1.344068730894782127e-01 -1.472486251736631058e-01
-1.370804879240421215e-01 -1.145580325207617156e-01
-2.546512666813738335e-01 1.109091987294457127e-01
-1.817862480889829990e-01 1.967418981631052777e-01
-3.290567282241095848e-01 2.180304570805367825e-01
-2.462040764999362252e-01 3.598272703099864023e-01
-2.695366382055321974e-01 2.149918616031769314e-01
-2.063335517119266882e-01 1.141311516965621553e-01
-1.395311513555563265e-01 -3.325076963689047038e-02
-2.299871997562033810e-01 -5.757195200406689528e-02
-8.795430487080574400e-02 8.277835530443231060e-02
-2.083750385048313836e-01 4.261141218192301960e-02
-2.315553404160332340e-01 2.041196936714697874e-01
-1.971608866979672192e-01 2.463146898607123381e-01
-1.896065438180755125e-02 2.095146474992618524e-01
7.879070105094684862e-02 2.664215951724919762e-01
1.332439783116460552e-01 2.319946267868283341e-01
1.376810436916688085e-01 3.186320504472985871e-01
2.170947049902309800e-01 1.626783599883463161e-01
2.727653984887576932e-01 2.549566900206828302e-01
1.454713465793954497e-01 3.622509353015862521e-01
1.748933010557514045e-01 2.308429362127705498e-01
2.398850365515442784e-01 8.954628208498557895e-02
-6.859999991198684199e-03 2.249364011916491213e-01
-8.323782992754980709e-03 -5.446716783115385097e-02
-1.587599320118946167e-01 4.732653256418794391e-02
-1.463780928115866464e-01 -1.260905413581002721e-01
-1.018683407272699543e-01 -1.899439563251779928e-01
2.790047233466379228e-02 -2.087362493818165077e-02
3.047305408737446819e-02 3.158474335962636187e-02
-3.786080341633901725e-02 5.415764754165830475e-02
-2.063394054741314321e-01 -1.692273308179799707e-01
-3.964769082080543683e-01 -1.399345749440037978e-01
-1.771551784776299321e-01 -2.373187560691488174e-01
-4.582941556179964682e-01 -3.029913219173847594e-01
-4.975148918141095722e-01 -3.480349510223018084e-01
-3.253811849997777506e-01 -4.179757530032618407e-01
-4.381995086422583174e-01 -1.781759869637054849e-01
-2.164440693472750310e-01 -9.261256920507941748e-02
-2.532911266002687567e-01 -7.795050725868749031e-02
-3.498683083251975523e-01 1.126433762510960779e-01
-4.380459773391176537e-01 1.455348625823500996e-01
-1.448206739393314846e-01 2.206622537991169419e-01
-5.975459296300250633e-03 1.217737157581314511e-01
-7.080813758348733500e-02 9.726267372755270646e-02
-1.888016443707297987e-01 -5.311134080170604177e-02
2.406108107760025761e-02 -1.448392532299475066e-03
-3.510997131827408441e-03 -2.112073984829959672e-03
-6.352437061798869855e-02 -1.911523996074382670e-01
-1.068607683940534514e-01 8.645967139164323356e-02
-9.269568183260354366e-02 1.534164858413415433e-01
-8.370290766022042694e-02 1.853754332019460216e-01
-2.483277234423599267e-01 -9.682249410034990400e-02
1.612421280405879065e-02 -2.827645520177082261e-01
1.909987104443813255e-01 -1.140817510560575287e-01
1.366927144924272863e-01 5.283058837358611814e-02
2.154050517790867258e-01 -1.603942178381977113e-02
-6.080736861702823459e-03 -8.637146093317328577e-02
-1.592610524361550428e-01 -2.519849134197530982e-01
-1.623136063906329418e-01 -6.443500916073516271e-02
-3.719969286224411587e-02 -2.074126096559469890e-01
-2.236953781621797699e-01 -1.765133532757303392e-01
-1.923339500459651796e-01 -1.248217767499392450e-01
-1.082494346217507120e-01 -6.405523031553458924e-02
-1.751229138134185459e-01 -1.218746545251110924e-01
-7.592077125215533628e-02 1.667566705137758232e-01
-2.580239641644453685e-02 -3.753566901597504835e-02
8.833343963341473704e-02 -8.665020350318350384e-02
4.053138883863896536e-02 -1.293741864325946289e-01
-7.637797190945330716e-02 -1.130257928913292464e-01
-1.185159960127845635e-01 -1.288493091999259876e-01
-2.985413266898203632e-01 -2.217061416843117971e-01
-2.159432826776836734e-01 -2.772626166423078908e-01
-2.675255926429512265e-01 -1.028274136181704657e-01
-2.663806515328145386e-01 -7.588623434850209903e-02
-1.748844456250628343e-02 1.176378128980202359e-01
1.491509815139141215e-01 1.507332239579620980e-01
1.888953687033874396e-01 9.059049259027079914e-02
2.250451866607900697e-01 1.118610503771149678e-01
1.515512304264850785e-01 1.034515323217679722e-01
-7.066408558738161705e-02 2.786554824725102630e-01
-1.483737688718044234e-01 1.443607313303479078e-01
-1.854932055337083496e-01 1.276224858791538963e-01
-3.567667493511164634e-02 2.406826461667681272e-01
1.701605640812078879e-04 1.808739107819725966e-01
8.092775100384491660e-02 2.410458451561165727e-01
2.427396787872251605e-01 2.558813946738572875e-01
2.892472870291546982e-01 9.067012385020345455e-02
1.707832093615699598e-01 -5.423646029899537035e-02
2.559866837691765484e-01 -1.368498490100110709e-01
9.704008609852080025e-02 -2.852515486573564685e-01
-6.495819044909606488e-02 1.068241686281487524e-02
1.498774697918469068e-01 -1.023897218737070125e-01
6.290837531562576412e-02 -1.172931699395426131e-01
-9.402684258171931098e-02 -1.532002223902549642e-02
1.244116748537937162e-01 -4.857566174394362113e-02
-8.504588808781811393e-02 -8.847180579286217927e-02
5.610537106544517122e-02 -2.363095861603528580e-01
9.256196548138755087e-02 -3.134699966183754904e-01
1.549582728963448397e-01 -1.821798899886323542e-01
8.705542724982115455e-02 -1.229827930638008326e-02
3.076769948079663419e-02 1.800003749347074411e-01
-4.137993242748613798e-02 2.690794178859355901e-01
-8.068353459015102647e-02 2.486729868169503532e-01
8.129833380561878042e-02 1.574741183430543867e-01
-9.361352172767432867e-02 -6.408667195243469838e-02
8.353883620314472847e-02 -2.299405574548868680e-01
1.446908949506894304e-01 -9.380474878095970692e-02
6.388228649688759697e-02 -6.539162650887345163e-03
-2.286653146841493012e-01 -1.801266710291294371e-01
-4.561156220164805375e-02 1.051505075176148718e-01
-4.501341164951612461e-02 1.356431552324052769e-02
-2.465305550116120292e-02 -5.210012252314973058e-02
-1.957171024164122142e-01 1.520336514526667848e-01
-1.957171024164122142e-01 1.520336514526667848e-01
