-5.811652427764281148e-01 -4.335273536301734731e-01
-2.946695390657120273e-01 -3.247275157514895039e-01
-4.118780440595273262e-01 -3.767143687816573161e-01
-2.917458339685884416e-01 -3.634340388675189049e-01
-1.862116774907763839e-01 -1.698127012585382845e-01
-1.046154100811180487e-01 -1.335344329026985633e-01
-1.403138013302661080e-01 -2.290850262056007003e-01
-2.608021048106180517e-01 -2.252431058279308618e-01
-2.878199463784706369e-01 3.001165852173018345e-02
-4.486869722765565172e-01 1.086567658203038411e-01
-1.662465846358624766e-01 2.549922022069113781e-01
-6.538602915202119947e-02 2.970095957057180547e-01
-1.764701494999929010e-01 9.009840220509798825e-02
-1.418605464514499093e-01 1.223608142366330864e-02
-1.133288427464380910e-01 -2.121450302477538574e-02
-2.043273701422499700e-01 1.343910866536104365e-01
-2.606536539082483506e-01 8.602143630918879236e-04
-2.798598435679759966e-01 -1.236653639122509696e-01
-1.685462520405456022e-01 -1.290238042931007856e-01
-2.945977684081984016e-01 -7.218279601016514002e-02
-3.202918947533772709e-01 -1.390728992442587519e-01
-3.947721413008385971e-01 -2.544429704339185583e-01
-4.379303101648155394e-01 -3.321283116636762900e-01
-2.591501379122638227e-01 -3.367073081599325501e-01
-3.447508987384310108e-01 -3.170513426522896250e-01
-3.251858791432339357e-01 -5.108008998595645611e-01
-2.118084294396861966e-01 -4.312970020567453711e-01
-4.055609320217246072e-01 -1.458967568593117492e-01
-1.207513713819620971e-01 -3.363398975877933683e-01
-7.149574640606509712e-02 -1.779771102418261364e-01
-1.620611845807292672e-01 -1.397622501352709101e-02
-7.883082563758592176e-02 -6.375363382279877755e-02
8.872518716097210767e-02 -1.044760628811846337e-01
2.492695767847163402e-01 5.734389288791633121e-02
2.108150712001727600e-01 1.531168255525031108e-01
3.953434747433036689e-01 2.001753604443235746e-01
5.434908995979078616e-01 1.726017852387685958e-01
5.972113116985998671e-01 2.612512060400223324e-01
4.567795117448171238e-01 3.594183106734223920e-01
3.550609498108860951e-01 4.404842055953818725e-01
5.103561558515355978e-01 4.997661349884859883e-01
3.294260126279503487e-01 4.966293700206446671e-01
1.661610272008929023e-01 5.769177079814160614e-01
9.120336981435803181e-02 7.066235874171983289e-01
-1.589864355713588584e-01 5.769917265299870923e-01
-3.707836994026200150e-01 6.983373330431322801e-01
-5.721770165852689827e-01 6.573423885689618773e-01
-8.340750924757206475e-01 7.570113030159558720e-01
-6.195790369016471733e-01 8.038661113051974727e-01
-6.151681297453327479e-01 6.256470739711589291e-01
-7.676358412349979510e-01 6.814389984506569187e-01
-1.021546694481428430e+00 6.486266001721394669e-01
-1.021546694481428430e+00 6.486266001721394669e-01
