-1.263360126636109415e-03 2.746078488269689810e-01
1.849010862766094221e-01 1.305383422817552874e-01
-3.298395314273004642e-02 3.042256611399175581e-01
8.943570674392879727e-02 1.767970976782148873e-02
1.774798233156424654e-01 -1.057105632165437903e-01
2.324005318356822669e-02 -2.515324399604077499e-01
1.357262186057316689e-01 -2.363960705688214758e-01
2.296752470729681583e-01 -4.273455965228245557e-01
2.393217935515269956e-01 -1.655560200865358322e-01
1.495362052682443210e-01 2.304691536467420865e-02
2.165812664884761152e-01 -6.336090273681749263e-02
2.189697625004779213e-01 -9.866318901376421036e-02
2.309222450436610730e-01 -2.612494581412794781e-01
4.259771156080763288e-01 -1.275963423820397624e-02
1.788967533538768639e-01 -1.549490951817125706e-01
2.750206402208711931e-01 -9.093844936090555997e-02
7.431636184580034388e-02 -2.775458343436057462e-01
2.040904934566093731e-01 -2.505509811648899410e-01
1.085080084010496826e-01 -2.432664144235464343e-01
-6.041919638450965468e-03 -1.578152294216598472e-01
3.560701415164903294e-02 -1.672618112259386114e-01
-2.281597172584178684e-02 -2.202887965968509387e-01
1.014564318397753462e-01 -1.745055662995062262e-01
8.194444739278181067e-02 -1.222950287712730177e-01
1.397408046003114634e-01 1.487292829281717244e-01
1.938090382638844866e-01 2.015535284249322101e-01
8.196777168651084300e-02 1.059641278911226947e-01
1.657572390905677484e-02 9.042684953188037666e-02
1.567189335975026632e-01 6.637515215273812053e-02
1.465801771277322196e-01 -1.055367526491809982e-03
-4.554855763861731521e-02 -1.622279699508814010e-01
-8.412744941646635444e-02 5.410800862748901818e-02
4.969906253730600743e-02 5.557243729259100928e-03
-1.137322631036155746e-01 1.017581408330279075e-01
-9.070475928095453333e-02 2.829712537122535121e-01
7.526348677074218285e-03 9.649402610784621470e-02
2.073236032646592897e-01 -1.673011372957276810e-01
2.979872204360591859e-01 -4.526513480160918035e-02
3.153632888784543842e-02 1.300452168739212044e-01
7.743001808633902250e-03 -3.766927714788134707e-02
-4.178115382126865868e-02 1.748616870929349254e-01
6.057063389809876075e-02 3.177610490511547647e-01
8.874389569467469596e-02 3.342446002808632799e-02
7.997952631315577432e-02 8.981478340012033490e-04
-1.028827377437522006e-01 -1.354910017488508145e-01
-1.694593642040058135e-01 -1.483736440489485664e-01
-2.647929600860071120e-01 -3.457118446848581050e-02
-2.090050937287120936e-01 1.588871839090044424e-01
8.455068270061982805e-02 2.873677053522666336e-01
2.596478581494408022e-01 3.013248200268828780e-01
4.375985258385347576e-01 1.036650794177505219e-01
4.728649125821298149e-01 2.763222887301092223e-01
2.602082472480666819e-01 2.931938588505835774e-01
3.980570691673286365e-01 2.200405305022496705e-01
2.496676176344566900e-01 9.846248505182277067e-02
2.559117411078770665e-01 1.068831658159204029e-01
5.604853351938607342e-02 -8.006947245232400034e-02
-1.197383640944362226e-01 1.562094404017094762e-01
-3.057575806645393968e-01 -9.202705383052331434e-02
-2.874999702533053147e-01 -1.792116284416906402e-01
-3.486053762378571452e-01 -1.889224785911871873e-01
-1.137439758259321532e-01 -1.415337405128705983e-01
-2.474625670586834414e-02 1.528412634791487534e-01
1.126157553420640417e-01 1.670449442539695406e-02
2.386442459975940400e-02 -1.717548993915721522e-01
-1.448972179049767273e-01 -2.686819038960822636e-01
-4.584598903160735928e-02 -4.870977381728341937e-03
9.647696229903039711e-02 1.066836037373903312e-01
2.052500617622627366e-01 -8.001999758070266200e-02
1.322084044124566260e-03 -2.595518199462911596e-02
-5.069990159235773786e-03 1.348280423021695207e-01
-6.364234984027719588e-02 2.238740829990879255e-01
4.479323993943309934e-02 3.231456552526768000e-01
2.193328102799823320e-01 1.566362770558178130e-01
2.125864976736685230e-01 3.303935010888927604e-01
3.706830919134358471e-01 3.311864331105200954e-01
3.518385666620011953e-01 2.359855362580633442e-01
1.900531119461745522e-01 2.661954959978999891e-01
5.579339688712514622e-02 2.159056459348280554e-01
1.047827343836388592e-01 9.195067956454414104e-02
3.569019774814416457e-02 -3.179945543290639554e-02
1.612415450481751722e-01 -1.232412330289407165e-01
1.360425951383301135e-01 -2.072380299453607522e-01
3.846645843920699914e-02 -1.233698580814995838e-01
-1.320280204858142459e-01 1.295788256740513511e-01
-1.538581092939112771e-01 -4.570033345476004483e-02
-1.634281189822091862e-01 1.236219938178543254e-01
6.614878629258422182e-02 1.533676320617963773e-01
-3.226085331249282928e-02 -7.464998261713068350e-02
-1.696905467544139734e-01 -1.715844967708625990e-01
-2.640541258116700374e-01 -2.554734920486787519e-01
-2.747142820346434866e-01 -7.645942927055199290e-02
-1.936916546187312516e-01 -8.819960994841044566e-02
5.215468619446675391e-02 -2.744621563731629993e-02
7.819250353179119095e-02 -7.357517259727114345e-02
-1.190907180846296765e-01 3.869972296199807732e-02
1.209198667661873228e-01 8.260222323221069751e-02
-4.679355862511885844e-02 -1.522411441946562582e-01
9.878192987340742026e-02 8.213965802875183853e-02
-2.432733475689258240e-03 7.697311813627702448e-02
-7.897801793972021589e-02 -8.361732177107128461e-02
1.544566717221285135e-02 1.939978778810660665e-01
-1.016510839743807459e-01 1.029174968556301750e-01
-2.041298585081973704e-01 -9.638445453838495602e-02
4.095540087528146134e-02 -2.142005735363618213e-02
4.349824956488675121e-03 -2.971697007034544979e-01
-4.701042487841145673e-02 -7.944855608342157871e-02
-1.276672062801261498e-01 5.691901609235924808e-03
-6.549149968070461236e-04 8.105705186650265931e-03
9.280826553311181948e-02 -1.531899873893265984e-01
-9.119903840645364468e-02 -1.563682761003309662e-01
-1.429472521529882578e-01 -1.233616779742917891e-01
-2.921514042296499691e-02 -1.108693196011465432e-01
9.929320669248839493e-02 -1.986198139016346065e-01
1.962238240174903336e-01 -4.466902984308371294e-02
8.937457469814935607e-02 -4.594118161284556356e-02
3.151445862770700657e-02 1.382135391878449582e-01
-1.195664796600915819e-01 1.742234698518448643e-01
5.344290345515649576e-02 2.347813985512461898e-01
1.146495835785370093e-01 6.027811663327600766e-02
2.055383330695488564e-01 1.814032331197842074e-01
2.466709334225040962e-01 7.689528311732590771e-02
1.089907137369618140e-01 2.762946960539109931e-01
1.262146420743087138e-01 1.056462898547735341e-01
1.012038451646465609e-01 3.189628309047762289e-02
2.320662650902179103e-02 -1.602556507389393814e-02
2.715037684307711752e-01 7.867905388088753532e-03
4.546164120811597709e-01 2.615269686720619324e-01
4.834327533621495254e-01 4.596064901600533381e-01
5.388734996954015477e-01 2.597081619146290321e-01
5.142184794591800889e-01 2.774224107198086098e-01
3.249731757695741852e-01 8.768233053320645398e-02
4.157972162642229463e-01 -4.291410166612918964e-02
2.252370102322229783e-01 -6.177069903459235511e-02
2.798679579880055668e-01 -8.393397257635326625e-02
3.432573064732802326e-01 -2.245378785875021543e-01
2.738218577704603085e-01 -2.225129580232212412e-01
2.188158603727892448e-01 -3.076586223467949743e-01
2.247820296508941107e-01 -1.348521465341415149e-02
-6.097613455933595383e-02 9.890174321847336469e-02
6.844691622482815263e-03 -1.663131243591150499e-01
-1.177423810163514689e-01 -2.292267379530448512e-01
3.161058874469303837e-02 -3.038848028229927944e-01
1.224022757578449860e-01 -1.317899824750160265e-01
3.403236378575188459e-01 6.469946104145793409e-02
3.444369327274870995e-01 1.616792198418046111e-01
3.541509234142523610e-01 3.522173309295172361e-01
4.659436785088812982e-01 3.875189461817685199e-01
4.063941859258853873e-01 5.826318378121401187e-01
2.054924908714166054e-01 7.504917651682347923e-01
3.770504285568262448e-01 5.947329289795606488e-01
2.136049231957240779e-01 5.013679346540037551e-01
3.222304103151882315e-01 4.140198563218673300e-01
2.362106852675971702e-01 3.238576158703232455e-01
8.301410282926061091e-02 1.034500607183229393e-01
1.126637460118676409e-01 7.610926999357661704e-02
5.245491511173454302e-02 3.625275883544636785e-02
2.296392138625381052e-01 -1.394179046219783114e-02
2.209340399163735869e-01 4.293705232581180448e-02
3.053809682040367068e-01 -1.293723823075591528e-01
1.270711059721334191e-01 -3.919904066658397301e-02
-9.017460927728593312e-02 1.887551839000554260e-02
-1.725380801983766033e-01 1.297695273656938320e-01
-4.979791373062925075e-03 -2.093563134974296691e-02
-8.834712384439624699e-02 -7.452557815222224380e-02
1.014495601991802498e-01 3.903285846508683377e-02
2.093342281341145639e-01 -2.022958835785471643e-01
1.322112275207090182e-01 8.380255435325589808e-02
5.545858370766758305e-02 -2.039747484591792337e-01
1.924696767731347569e-01 -2.765504025997840287e-01
2.673521145851631142e-01 -3.291053456026997726e-01
1.081870142664028422e-01 -5.147617654865908055e-01
2.048929906408327728e-01 -6.083452402141508175e-01
1.841322969873679105e-01 -5.703475625404169636e-01
2.947795766618042657e-01 -5.807216699038206809e-01
4.187007714300794992e-01 -7.152625481162855348e-01
6.135606134965249092e-01 -5.085605778190328552e-01
6.204569717208016089e-01 -4.845055754526693681e-01
5.443044982985156821e-01 -1.913329270397786386e-01
4.041715389381084211e-01 -2.568238551271935233e-01
4.367037105571835998e-01 -3.033913885898911755e-01
3.929334623569017415e-01 -4.605027307244279333e-01
2.055528567936811823e-01 -3.539266698287355517e-01
2.494128159104920806e-01 -1.826102185357378616e-01
2.584398284894905418e-01 -9.432806752849863530e-02
4.681161264172193359e-01 -5.356766737656673549e-02
3.929461133958069841e-01 2.367458904270854092e-02
2.736133056340254166e-01 -1.209938155978250579e-01
3.047447656475007483e-01 -1.639533584362115881e-01
1.931393630857914656e-01 -3.590130932004302888e-01
3.546876376973284728e-01 -3.912635759012325076e-01
2.990919496865013238e-01 -3.599398117775272632e-01
1.293943978933453642e-01 -3.314097465737658732e-01
4.866492420499496374e-03 -1.590548027912843387e-01
1.697729806617155057e-01 -9.641673953114582307e-02
3.954224184435903289e-02 -1.703633465566072591e-01
1.979060960461147267e-01 -4.347650363462809975e-03
-4.732732944584575052e-02 1.923282760084355503e-01
-7.048802485480375191e-02 1.563699768740031693e-02
-5.711851223261568689e-02 -7.482618232477997178e-02
3.134923824670295123e-02 5.024247590128884389e-02
1.082100252606518764e-01 -2.448892410302274392e-01
1.082100252606518764e-01 -2.448892410302274392e-01
