-2.276278869073418420e-01 1.964233952614736489e-01
-2.991254855437182059e-01 2.670720195872249847e-01
-3.081816234408466526e-01 3.355942498445304012e-01
-1.037590969562227350e-01 5.206076399633590146e-01
7.765968494129221744e-03 3.395491964543080332e-01
2.915798757656914986e-02 1.837791780222295668e-01
2.231005104842826436e-01 1.333340616729881412e-01
3.247861826810306551e-01 2.903646667523717695e-01
3.022169377166974424e-01 4.461421796538769247e-01
1.611609352290857278e-01 4.106414315499643530e-01
3.965636743714862078e-01 2.411229638875763970e-01
4.491019635127498355e-01 3.845682167095874071e-01
5.842277152202843826e-01 6.673332034857767381e-01
5.076283570769060116e-01 6.419400360869130795e-01
3.515457938540540450e-01 6.296199451603229358e-01
2.671626699913277614e-01 9.178497138556435120e-01
4.056531936160998608e-01 7.471294696050657658e-01
4.321665937470829943e-01 7.192942358105477441e-01
3.116201720038290213e-01 9.930548152787549432e-01
2.860916715232204588e-01 9.342766562059914293e-01
3.282933734326526354e-01 7.630602735029170525e-01
3.958639003598239947e-01 8.785765133195062582e-01
5.088595134105936557e-01 1.011939378522207722e+00
5.088595134105936557e-01 1.011939378522207722e+00
