0.000000	0.020011	0.040022	0.060033	0.080044	0.100055	0.120066	0.140077	0.160087	0.180098	0.200109	0.220120	0.240131	0.260142	0.280153	0.300164	0.320175	0.340186	0.360197	0.380208	0.400219	0.420230	0.440241	0.460251	0.480262	0.500273	0.520284	0.540295	0.560306	0.580317	0.600328	0.620339	0.640350	0.660361	0.680372	0.700383
0.014508	0.034731	0.042432	0.047068	0.060212	0.081133	0.102157	0.123325	0.144493	0.165256	0.185739	0.206222	0.226705	0.246885	0.267026	0.287237	0.307450	0.327663	0.347642	0.367562	0.387481	0.407401	0.427321	0.447240	0.467160	0.487079	0.506999	0.526917	0.546810	0.566704	0.586629	0.606603	0.626576	0.646549	0.666523	0.686496
0.029017	0.050337	0.069462	0.078766	0.084863	0.089658	0.094136	0.099586	0.120424	0.141345	0.162266	0.183187	0.204315	0.225483	0.246650	0.267818	0.288985	0.310028	0.330511	0.350994	0.371477	0.391960	0.412444	0.432927	0.453410	0.473628	0.493769	0.513911	0.534052	0.554262	0.574475	0.594687	0.614900	0.635113	0.655326	0.675364
0.043525	0.063932	0.088567	0.104193	0.114954	0.121247	0.127295	0.132423	0.136875	0.141204	0.145083	0.159772	0.180636	0.201557	0.222478	0.243399	0.264320	0.285305	0.306472	0.327640	0.348808	0.369975	0.391143	0.412310	0.433478	0.454645	0.475284	0.495767	0.516250	0.536733	0.557216	0.577699	0.598182	0.618665	0.639148	0.659631
0.058033	0.078632	0.100675	0.123624	0.138924	0.150205	0.157531	0.164000	0.169727	0.174855	0.179317	0.183968	0.188272	0.192325	0.199171	0.219958	0.240849	0.261769	0.282690	0.303611	0.324532	0.345453	0.366374	0.387462	0.408630	0.429798	0.450965	0.472133	0.493300	0.514468	0.535635	0.556803	0.577970	0.599138	0.620056	0.640539
0.072542	0.093448	0.114461	0.138893	0.158251	0.173655	0.185456	0.193816	0.200013	0.206497	0.212159	0.217287	0.222030	0.226656	0.231061	0.235340	0.239393	0.242663	0.259357	0.280144	0.301061	0.321982	0.342903	0.363823	0.384744	0.405665	0.426586	0.447507	0.468452	0.489620	0.510787	0.531955	0.553123	0.574290	0.595458	0.616625
0.087050	0.108560	0.127863	0.151012	0.177133	0.193246	0.208386	0.220271	0.229908	0.236297	0.242494	0.248994	0.254590	0.259719	0.264847	0.268975	0.273749	0.278154	0.282408	0.286461	0.290166	0.298756	0.319543	0.340352	0.361273	0.382194	0.403115	0.424036	0.444957	0.465878	0.486798	0.507719	0.528640	0.549561	0.570610	0.591777
0.101558	0.124043	0.141977	0.165507	0.189231	0.212651	0.228241	0.243117	0.255091	0.265159	0.272582	0.278778	0.285503	0.291491	0.297022	0.302150	0.307279	0.311554	0.316438	0.320842	0.325247	0.329475	0.333529	0.337582	0.340244	0.358943	0.379729	0.400564	0.421485	0.442406	0.463327	0.484248	0.505169	0.526090	0.547011	0.567932
0.116067	0.139478	0.157265	0.177801	0.201350	0.227449	0.247249	0.263236	0.277848	0.289919	0.300410	0.308866	0.315063	0.321260	0.328000	0.333988	0.339454	0.344582	0.349710	0.354536	0.358634	0.363531	0.367935	0.372340	0.376543	0.380596	0.384650	0.387746	0.398342	0.419129	0.439916	0.460776	0.481697	0.502618	0.523539	0.544460
0.130575	0.154100	0.172367	0.191795	0.215918	0.239568	0.265700	0.281846	0.298231	0.312579	0.324685	0.335661	0.344862	0.351347	0.357544	0.363741	0.370497	0.376485	0.381886	0.387014	0.392142	0.397271	0.401079	0.406219	0.410624	0.415028	0.419433	0.423611	0.427664	0.431717	0.435248	0.437824	0.458528	0.479315	0.500102	0.520988
0.145083	0.168663	0.186897	0.205684	0.228922	0.251687	0.277786	0.301678	0.316501	0.333117	0.347310	0.359049	0.370912	0.380113	0.387632	0.393828	0.400025	0.407007	0.412994	0.418983	0.424317	0.429446	0.434574	0.439702	0.444061	0.448292	0.453312	0.457717	0.462121	0.466526	0.470679	0.474732	0.478785	0.482751	0.485326	0.497928
0.159592	0.183100	0.201805	0.220610	0.241821	0.265995	0.289905	0.316005	0.336275	0.351496	0.367821	0.382041	0.393413	0.405742	0.415364	0.423916	0.430113	0.436310	0.442506	0.449504	0.455492	0.461480	0.466749	0.471877	0.477006	0.482134	0.487043	0.490603	0.496001	0.500405	0.504810	0.509214	0.513619	0.517747	0.521800	0.525853
0.174100	0.197270	0.217119	0.235897	0.255727	0.280527	0.302025	0.328124	0.354267	0.370873	0.386491	0.402525	0.416772	0.427777	0.440542	0.450615	0.459816	0.466397	0.472594	0.478791	0.484988	0.492001	0.497989	0.503977	0.509181	0.514309	0.519437	0.524566	0.529694	0.533585	0.537950	0.543094	0.547498	0.551903	0.556307	0.560712
0.188608	0.211439	0.232603	0.251184	0.269616	0.292154	0.316072	0.340243	0.366342	0.390641	0.405470	0.421487	0.437228	0.451503	0.462466	0.475354	0.485866	0.495067	0.502682	0.508878	0.515075	0.521272	0.528166	0.534498	0.540486	0.546474	0.551613	0.556741	0.561869	0.566997	0.572126	0.576567	0.580127	0.585782	0.590187	0.594591
0.203117	0.225609	0.248087	0.265715	0.283955	0.305770	0.331015	0.352362	0.378461	0.404634	0.425302	0.440067	0.456482	0.471932	0.486234	0.497292	0.510182	0.521117	0.530318	0.539000	0.545163	0.551360	0.557557	0.563753	0.571007	0.576995	0.582983	0.588916	0.594044	0.599173	0.604301	0.609429	0.614558	0.619549	0.623109	0.627609
0.217625	0.239778	0.263571	0.280345	0.299242	0.319659	0.343383	0.366148	0.390580	0.416679	0.442834	0.459900	0.474752	0.491477	0.506635	0.520965	0.532118	0.545010	0.556368	0.565569	0.574770	0.581447	0.587644	0.593841	0.600038	0.606235	0.613504	0.619492	0.625480	0.631348	0.636476	0.641604	0.646733	0.651861	0.656989	0.662117
0.232133	0.253947	0.278956	0.295268	0.314529	0.333548	0.355603	0.381503	0.402700	0.428799	0.454898	0.479212	0.494497	0.509747	0.526472	0.541339	0.555697	0.566944	0.579838	0.591212	0.600820	0.610021	0.617732	0.623929	0.630125	0.636322	0.642519	0.649315	0.656001	0.661989	0.667977	0.673780	0.678908	0.684036	0.689164	0.694293
0.246642	0.268117	0.293664	0.310195	0.329816	0.347483	0.369701	0.395077	0.416225	0.440918	0.467017	0.493280	0.514329	0.529094	0.544742	0.561467	0.576043	0.590427	0.601770	0.614666	0.626013	0.636071	0.645272	0.654233	0.660213	0.666410	0.672607	0.678804	0.685000	0.692510	0.698498	0.704486	0.710474	0.716211	0.721340	0.726468
0.261150	0.282286	0.308200	0.325679	0.344735	0.362587	0.383590	0.406506	0.431837	0.453037	0.479136	0.505235	0.531400	0.548927	0.563692	0.579737	0.596462	0.610746	0.625158	0.636596	0.649371	0.660813	0.671322	0.680523	0.689724	0.696497	0.702694	0.708891	0.715088	0.721285	0.727482	0.735007	0.740995	0.746983	0.752971	0.758643
0.275658	0.296456	0.322763	0.341163	0.359063	0.377874	0.397479	0.419560	0.446034	0.466301	0.491255	0.517354	0.543453	0.567783	0.583524	0.598289	0.614732	0.631457	0.645450	0.659889	0.671422	0.683735	0.695617	0.706573	0.715774	0.724975	0.732782	0.738979	0.745175	0.751372	0.757569	0.763766	0.770465	0.777504	0.783492	0.789480
0.290167	0.310737	0.337325	0.356646	0.373794	0.393162	0.411369	0.433633	0.457844	0.481913	0.503374	0.529473	0.555573	0.581927	0.603356	0.618121	0.633003	0.649727	0.666235	0.680154	0.694621	0.706248	0.718099	0.730445	0.741825	0.751025	0.760226	0.769355	0.775263	0.781460	0.787657	0.793854	0.800050	0.806247	0.814013	0.820001
0.304675	0.325055	0.351888	0.372130	0.388716	0.408449	0.425933	0.447522	0.469955	0.496522	0.516378	0.541593	0.567692	0.593791	0.619967	0.637953	0.652718	0.667998	0.684723	0.700938	0.714857	0.729352	0.741074	0.752462	0.765273	0.776683	0.786276	0.795477	0.804678	0.811548	0.817744	0.823941	0.830138	0.836335	0.842531	0.848728
0.319183	0.339372	0.366200	0.387614	0.403610	0.423736	0.441220	0.461411	0.483642	0.509549	0.531990	0.553712	0.579811	0.605910	0.632009	0.656354	0.672551	0.687316	0.702993	0.719718	0.735642	0.749561	0.764083	0.775900	0.786826	0.800101	0.811484	0.821527	0.830728	0.839929	0.847832	0.854029	0.860226	0.866422	0.872620	0.878816
0.333692	0.353689	0.380370	0.403098	0.418755	0.438083	0.456507	0.475300	0.497565	0.520859	0.547010	0.566454	0.591930	0.618029	0.644128	0.670528	0.692383	0.707148	0.721913	0.737988	0.754713	0.770345	0.784265	0.798813	0.810726	0.821190	0.834929	0.846284	0.856779	0.865979	0.875180	0.884381	0.890314	0.896510	0.902707	0.908904
0.348200	0.368007	0.394539	0.418433	0.434239	0.452411	0.471794	0.489326	0.511454	0.533404	0.561054	0.582067	0.604049	0.630148	0.656247	0.682347	0.708534	0.726980	0.741745	0.756510	0.772983	0.789708	0.805049	0.818968	0.833545	0.845552	0.855554	0.869757	0.881085	0.892030	0.901230	0.910431	0.919632	0.926598	0.932794	0.938991
0.362708	0.382324	0.408709	0.433224	0.449722	0.467242	0.487081	0.504565	0.525343	0.547607	0.572305	0.597498	0.616531	0.642268	0.668367	0.694466	0.720622	0.744925	0.761578	0.776343	0.791253	0.807978	0.824703	0.839753	0.853672	0.868276	0.880378	0.890152	0.904585	0.915885	0.927280	0.936481	0.945682	0.954883	0.962882	0.969079
0.377216	0.396642	0.422878	0.447750	0.465206	0.482165	0.502368	0.519852	0.539232	0.561496	0.584308	0.611542	0.632143	0.654387	0.680486	0.706585	0.732684	0.759103	0.781282	0.796175	0.810940	0.826248	0.842973	0.859698	0.874456	0.888375	0.903007	0.915204	0.924931	0.939413	0.950708	0.962154	0.971733	0.980933	0.990134	0.999335
0.391725	0.410969	0.437048	0.462299	0.480690	0.497088	0.517102	0.535139	0.553123	0.575386	0.597299	0.624010	0.647756	0.666607	0.692605	0.718704	0.744803	0.770902	0.797100	0.816007	0.830772	0.845537	0.861243	0.877968	0.894693	0.909160	0.923079	0.937738	0.950030	0.959757	0.974056	0.985536	0.996954	1.006984	1.016185	1.025385
0.406233	0.425310	0.451217	0.476862	0.496174	0.511877	0.531430	0.550426	0.567910	0.589275	0.611539	0.635212	0.662029	0.682220	0.704724	0.730823	0.756922	0.783021	0.809268	0.833496	0.850605	0.865370	0.880135	0.896238	0.912963	0.929688	0.943864	0.957783	0.972469	0.984856	0.994583	1.008420	1.020364	1.031755	1.042235	1.051435
0.420741	0.439650	0.465387	0.491425	0.511658	0.527314	0.545768	0.565713	0.583197	0.603164	0.625428	0.647757	0.675683	0.697832	0.716844	0.742942	0.769042	0.795141	0.821240	0.847678	0.869853	0.885202	0.899967	0.914732	0.931234	0.947958	0.964683	0.978567	0.992486	1.007200	1.019682	1.029409	1.042784	1.055192	1.066555	1.077486
0.435250	0.453991	0.479556	0.505988	0.527141	0.542798	0.560691	0.581000	0.598484	0.617053	0.639317	0.661381	0.686766	0.712517	0.732296	0.755062	0.781161	0.807260	0.833359	0.859458	0.885667	0.905034	0.919799	0.934564	0.949504	0.966229	0.982954	0.999352	1.013271	1.027190	1.041931	1.054508	1.064235	1.077148	1.090020	1.101356
0.449758	0.468332	0.493726	0.520551	0.542625	0.558282	0.575613	0.596121	0.613771	0.631255	0.653206	0.675471	0.698660	0.726561	0.747908	0.767181	0.793280	0.819379	0.845478	0.871577	0.897914	0.922067	0.939632	0.954396	0.969161	0.984499	1.001224	1.017949	1.034055	1.047975	1.061893	1.076662	1.089334	1.099061	1.111511	1.124848
0.464267	0.482672	0.507895	0.535114	0.557911	0.573766	0.590536	0.610450	0.629058	0.646542	0.667095	0.689360	0.711206	0.738471	0.763005	0.782373	0.805399	0.831498	0.857597	0.883696	0.909795	0.936253	0.958424	0.974229	0.988994	1.003759	1.019494	1.036219	1.052944	1.068759	1.082678	1.096597	1.111393	1.124160	1.133887	1.145876
0.478775	0.497013	0.522065	0.549300	0.572702	0.589250	0.605415	0.624778	0.644345	0.661830	0.680984	0.703249	0.725462	0.749564	0.777049	0.797985	0.817518	0.843617	0.869717	0.895816	0.921914	0.948014	0.974234	0.994061	1.008826	1.023591	1.038356	1.054489	1.071214	1.087939	1.103463	1.117382	1.131301	1.146124	1.158986	1.168713
0.493283	0.511354	0.536234	0.563470	0.587328	0.604734	0.620390	0.639216	0.659633	0.677116	0.694966	0.717138	0.739403	0.762109	0.790154	0.813493	0.832449	0.855737	0.881836	0.907935	0.934034	0.960133	0.986560	1.010638	1.028659	1.043424	1.058189	1.072953	1.089484	1.106209	1.122934	1.138166	1.152086	1.166004	1.180855	1.193812
0.507791	0.525694	0.550404	0.577639	0.601837	0.620217	0.635874	0.654139	0.674919	0.692404	0.709888	0.731027	0.753292	0.775039	0.801227	0.827537	0.848062	0.867856	0.893955	0.920054	0.946153	0.972252	0.998351	1.024828	1.046995	1.063256	1.078021	1.092786	1.107754	1.124480	1.141204	1.157929	1.172870	1.186789	1.200708	1.215586
