5.000000000000000000e-01 -1.558969467878341675e-01 -3.117938935756683350e-01
5.100000000000000089e-01 -1.590018868446350098e-01 -3.117684125900268555e-01
5.200000000000000178e-01 -1.621060222387313843e-01 -3.117423653602600098e-01
5.300000000000000266e-01 -1.652093529701232910e-01 -3.117157816886901855e-01
5.400000000000000355e-01 -1.683119386434555054e-01 -3.116887509822845459e-01
5.500000000000000444e-01 -1.714136749505996704e-01 -3.116612136363983154e-01
5.600000000000000533e-01 -1.745145767927169800e-01 -3.116331696510314941e-01
5.700000000000000622e-01 -1.776146292686462402e-01 -3.116046190261840820e-01
5.799999999999999600e-01 -1.807138621807098389e-01 -3.115756213665008545e-01
5.899999999999999689e-01 -1.838121861219406128e-01 -3.115460872650146484e-01
5.999999999999999778e-01 -1.869096308946609497e-01 -3.115160465240478516e-01
6.099999999999999867e-01 -1.900061666965484619e-01 -3.114854991436004639e-01
6.199999999999999956e-01 -1.931017935276031494e-01 -3.114545047283172607e-01
6.300000000000000044e-01 -1.961964368820190430e-01 -3.114229142665863037e-01
6.400000000000000133e-01 -1.992901712656021118e-01 -3.113909065723419189e-01
6.500000000000000222e-01 -2.023829668760299683e-01 -3.113584220409393311e-01
6.600000000000000311e-01 -2.054747790098190308e-01 -3.113254010677337646e-01
6.700000000000000400e-01 -2.085655629634857178e-01 -3.112918734550476074e-01
6.799999999999999378e-01 -2.116553485393524170e-01 -3.112578690052032471e-01
6.899999999999999467e-01 -2.147441357374191284e-01 -3.112233877182006836e-01
6.999999999999999556e-01 -2.178318202495574951e-01 -3.111883103847503662e-01
7.099999999999999645e-01 -2.209185659885406494e-01 -3.111529052257537842e-01
7.199999999999999734e-01 -2.240041941404342651e-01 -3.111169338226318359e-01
7.299999999999999822e-01 -2.270887196063995361e-01 -3.110804259777069092e-01
7.399999999999999911e-01 -2.301721721887588501e-01 -3.110434710979461670e-01
7.500000000000000000e-01 -2.332545071840286255e-01 -3.110060095787048340e-01
7.600000000000000089e-01 -2.363357245922088623e-01 -3.109680712223052979e-01
7.700000000000000178e-01 -2.394158393144607544e-01 -3.109296560287475586e-01
7.800000000000000266e-01 -2.424947023391723633e-01 -3.108906447887420654e-01
7.900000000000000355e-01 -2.455724924802780151e-01 -3.108512461185455322e-01
8.000000000000000444e-01 -2.486491054296493530e-01 -3.108113706111907959e-01
8.100000000000000533e-01 -2.517244517803192139e-01 -3.107709288597106934e-01
8.200000000000000622e-01 -2.547986507415771484e-01 -3.107300698757171631e-01
8.300000000000000711e-01 -2.578715682029724121e-01 -3.106886446475982666e-01
8.400000000000000799e-01 -2.609433233737945557e-01 -3.106468319892883301e-01
8.500000000000000888e-01 -2.640137970447540283e-01 -3.106044530868530273e-01
8.599999999999999867e-01 -2.670830190181732178e-01 -3.105616569519042969e-01
8.699999999999999956e-01 -2.701508998870849609e-01 -3.105182647705078125e-01
8.800000000000000044e-01 -2.732174992561340332e-01 -3.104744255542755127e-01
8.900000000000000133e-01 -2.762828171253204346e-01 -3.104301393032073975e-01
9.000000000000000222e-01 -2.793468236923217773e-01 -3.103853762149810791e-01
9.100000000000000311e-01 -2.824094891548156738e-01 -3.103400766849517822e-01
9.199999999999999289e-01 -2.854707837104797363e-01 -3.102943301200866699e-01
9.299999999999999378e-01 -2.885307371616363525e-01 -3.102481067180633545e-01
9.399999999999999467e-01 -2.915893197059631348e-01 -3.102014064788818359e-01
9.499999999999999556e-01 -2.946464419364929199e-01 -3.101541399955749512e-01
9.599999999999999645e-01 -2.977021932601928711e-01 -3.101064562797546387e-01
9.699999999999999734e-01 -3.007565736770629883e-01 -3.100583255290985107e-01
9.799999999999999822e-01 -3.038094639778137207e-01 -3.100096583366394043e-01
9.899999999999999911e-01 -3.068609535694122314e-01 -3.099605441093444824e-01
1.000000000000000000e+00 -3.099108934402465820e-01 -3.099108934402465820e-01
1.010000000000000009e+00 -3.129594326019287109e-01 -3.098608255386352539e-01
1.020000000000000018e+00 -3.160064816474914551e-01 -3.098102807998657227e-01
1.030000000000000027e+00 -3.190519809722900391e-01 -3.097591996192932129e-01
1.040000000000000036e+00 -3.220959901809692383e-01 -3.097077012062072754e-01
1.050000000000000044e+00 -3.251384198665618896e-01 -3.096556663513183594e-01
1.060000000000000053e+00 -3.281793594360351562e-01 -3.096031844615936279e-01
1.070000000000000062e+00 -3.312187492847442627e-01 -3.095502257347106934e-01
1.080000000000000071e+00 -3.342565894126892090e-01 -3.094968199729919434e-01
1.089999999999999858e+00 -3.372927904129028320e-01 -3.094429075717926025e-01
1.100000000000000089e+00 -3.403274118900299072e-01 -3.093885481357574463e-01
1.109999999999999876e+00 -3.433604240417480469e-01 -3.093337118625640869e-01
1.120000000000000107e+00 -3.463917970657348633e-01 -3.092783987522125244e-01
1.129999999999999893e+00 -3.494215607643127441e-01 -3.092226088047027588e-01
1.140000000000000124e+00 -3.524495661258697510e-01 -3.091662824153900146e-01
1.149999999999999911e+00 -3.554759919643402100e-01 -3.091095685958862305e-01
1.160000000000000142e+00 -3.585007786750793457e-01 -3.090524077415466309e-01
1.169999999999999929e+00 -3.615238368511199951e-01 -3.089947402477264404e-01
1.180000000000000160e+00 -3.645451366901397705e-01 -3.089365661144256592e-01
1.189999999999999947e+00 -3.675647675991058350e-01 -3.088779449462890625e-01
1.200000000000000178e+00 -3.705826401710510254e-01 -3.088188469409942627e-01
1.209999999999999964e+00 -3.735988140106201172e-01 -3.087593317031860352e-01
1.219999999999999973e+00 -3.766131699085235596e-01 -3.086993098258972168e-01
1.229999999999999982e+00 -3.796257674694061279e-01 -3.086388409137725830e-01
1.239999999999999991e+00 -3.826366364955902100e-01 -3.085779249668121338e-01
1.250000000000000000e+00 -3.856456279754638672e-01 -3.085165023803710938e-01
1.260000000000000009e+00 -3.886527717113494873e-01 -3.084545731544494629e-01
1.270000000000000018e+00 -3.916582167148590088e-01 -3.083923161029815674e-01
1.280000000000000027e+00 -3.946616947650909424e-01 -3.083294630050659180e-01
1.290000000000000036e+00 -3.976634144783020020e-01 -3.082662224769592285e-01
1.300000000000000044e+00 -4.006632566452026367e-01 -3.082025051116943359e-01
1.310000000000000053e+00 -4.036611914634704590e-01 -3.081383407115936279e-01
1.320000000000000062e+00 -4.066572785377502441e-01 -3.080736696720123291e-01
1.330000000000000071e+00 -4.096514582633972168e-01 -3.080086112022399902e-01
1.339999999999999858e+00 -4.126436710357666016e-01 -3.079430162906646729e-01
1.350000000000000089e+00 -4.156339764595031738e-01 -3.078770041465759277e-01
1.359999999999999876e+00 -4.186223447322845459e-01 -3.078105449676513672e-01
1.370000000000000107e+00 -4.216088056564331055e-01 -3.077436387538909912e-01
1.379999999999999893e+00 -4.245932102203369141e-01 -3.076762259006500244e-01
1.390000000000000124e+00 -4.275757074356079102e-01 -3.076084256172180176e-01
1.399999999999999911e+00 -4.305561184883117676e-01 -3.075400888919830322e-01
1.410000000000000142e+00 -4.335346519947052002e-01 -3.074713945388793945e-01
1.419999999999999929e+00 -4.365111291408538818e-01 -3.074022233486175537e-01
1.430000000000000160e+00 -4.394855499267578125e-01 -3.073325753211975098e-01
1.439999999999999947e+00 -4.424579739570617676e-01 -3.072624802589416504e-01
1.450000000000000178e+00 -4.454283416271209717e-01 -3.071919381618499756e-01
1.459999999999999964e+00 -4.483965635299682617e-01 -3.071209192276000977e-01
1.469999999999999973e+00 -4.513628184795379639e-01 -3.070495426654815674e-01
1.479999999999999982e+00 -4.543268680572509766e-01 -3.069775998592376709e-01
1.489999999999999991e+00 -4.572888314723968506e-01 -3.069052398204803467e-01
1.500000000000000000e+00 -4.602487385272979736e-01 -3.068324923515319824e-01
