5.000000000000000000e-01 5.756872296333312988e-01 1.151374459266662598e+00
5.100000000000000089e-01 5.664926171302795410e-01 1.110769867897033691e+00
5.200000000000000178e-01 5.573112368583679199e-01 1.071752429008483887e+00
5.300000000000000266e-01 5.481042265892028809e-01 1.034158945083618164e+00
5.400000000000000355e-01 5.394428372383117676e-01 9.989681839942932129e-01
5.500000000000000444e-01 5.306911468505859375e-01 9.648929834365844727e-01
5.600000000000000533e-01 5.217736959457397461e-01 9.317387342453002930e-01
5.700000000000000622e-01 5.128338336944580078e-01 8.997085094451904297e-01
5.799999999999999600e-01 5.038720369338989258e-01 8.687449097633361816e-01
5.899999999999999689e-01 4.948886036872863770e-01 8.387942910194396973e-01
5.999999999999999778e-01 4.858911037445068359e-01 8.098184466361999512e-01
6.099999999999999867e-01 4.770106971263885498e-01 7.819847464561462402e-01
6.199999999999999956e-01 4.684205949306488037e-01 7.555170655250549316e-01
6.300000000000000044e-01 4.598987698554992676e-01 7.299980521202087402e-01
6.400000000000000133e-01 4.508303403854370117e-01 7.044224143028259277e-01
6.500000000000000222e-01 4.415843486785888672e-01 6.793605685234069824e-01
6.600000000000000311e-01 4.323183596134185791e-01 6.550278067588806152e-01
6.700000000000000400e-01 4.230329096317291260e-01 6.313923597335815430e-01
6.799999999999999378e-01 4.137445688247680664e-01 6.084479093551635742e-01
6.899999999999999467e-01 4.041931927204132080e-01 5.857872366905212402e-01
6.999999999999999556e-01 3.941442072391510010e-01 5.630631446838378906e-01
7.099999999999999645e-01 3.840745985507965088e-01 5.409501791000366211e-01
7.199999999999999734e-01 3.739846050739288330e-01 5.194230675697326660e-01
7.299999999999999822e-01 3.637830317020416260e-01 4.983329176902770996e-01
7.399999999999999911e-01 3.528488278388977051e-01 4.768227338790893555e-01
7.500000000000000000e-01 3.418929278850555420e-01 4.558572471141815186e-01
7.600000000000000089e-01 3.307452499866485596e-01 4.351911246776580811e-01
7.700000000000000178e-01 3.185779452323913574e-01 4.137375950813293457e-01
7.800000000000000266e-01 3.057846724987030029e-01 3.920316398143768311e-01
7.900000000000000355e-01 2.924232184886932373e-01 3.701559603214263916e-01
8.000000000000000444e-01 2.790350914001464844e-01 3.487938642501831055e-01
8.100000000000000533e-01 2.656214237213134766e-01 3.279276788234710693e-01
8.200000000000000622e-01 2.518272697925567627e-01 3.071064352989196777e-01
8.300000000000000711e-01 2.374463677406311035e-01 2.860799729824066162e-01
8.400000000000000799e-01 2.225347459316253662e-01 2.649223208427429199e-01
8.500000000000000888e-01 2.074692398309707642e-01 2.440814524888992310e-01
8.599999999999999867e-01 1.917962729930877686e-01 2.230189144611358643e-01
8.699999999999999956e-01 1.752592474222183228e-01 2.014474123716354370e-01
8.800000000000000044e-01 1.575754731893539429e-01 1.790630370378494263e-01
8.900000000000000133e-01 1.396776735782623291e-01 1.569412052631378174e-01
9.000000000000000222e-01 1.217220872640609741e-01 1.352467685937881470e-01
9.100000000000000311e-01 1.037465780973434448e-01 1.140072271227836609e-01
9.199999999999999289e-01 8.575318008661270142e-02 9.320997446775436401e-02
9.299999999999999378e-01 6.770853698253631592e-02 7.280487567186355591e-02
9.399999999999999467e-01 4.968754574656486511e-02 5.285909026861190796e-02
9.499999999999999556e-01 3.156761825084686279e-02 3.322907164692878723e-02
9.599999999999999645e-01 1.341400295495986938e-02 1.397292036563158035e-02
9.699999999999999734e-01 -5.607396364212036133e-03 -5.780820734798908234e-03
9.799999999999999822e-01 -2.466641366481781006e-02 -2.516981028020381927e-02
9.899999999999999911e-01 -4.447576031088829041e-02 -4.492501169443130493e-02
1.000000000000000000e+00 -6.543821096420288086e-02 -6.543821096420288086e-02
1.010000000000000009e+00 -8.641524612903594971e-02 -8.555965125560760498e-02
1.020000000000000018e+00 -1.075089126825332642e-01 -1.054008975625038147e-01
1.030000000000000027e+00 -1.293494254350662231e-01 -1.255819648504257202e-01
1.040000000000000036e+00 -1.511591076850891113e-01 -1.453453004360198975e-01
1.050000000000000044e+00 -1.737030744552612305e-01 -1.654315143823623657e-01
1.060000000000000053e+00 -1.965854912996292114e-01 -1.854580193758010864e-01
1.070000000000000062e+00 -2.194164097309112549e-01 -2.050620615482330322e-01
1.080000000000000071e+00 -2.421893626451492310e-01 -2.242494076490402222e-01
1.089999999999999858e+00 -2.648986876010894775e-01 -2.430263161659240723e-01
1.100000000000000089e+00 -2.875386774539947510e-01 -2.613987922668457031e-01
1.109999999999999876e+00 -3.101036548614501953e-01 -2.793726623058319092e-01
1.120000000000000107e+00 -3.325881063938140869e-01 -2.969536781311035156e-01
1.129999999999999893e+00 -3.549863994121551514e-01 -3.141472637653350830e-01
1.140000000000000124e+00 -3.772930502891540527e-01 -3.309588134288787842e-01
1.149999999999999911e+00 -3.995028138160705566e-01 -3.473937511444091797e-01
1.160000000000000142e+00 -4.216105043888092041e-01 -3.634573519229888916e-01
1.169999999999999929e+00 -4.436109364032745361e-01 -3.791546523571014404e-01
1.180000000000000160e+00 -4.651064872741699219e-01 -3.941580653190612793e-01
1.189999999999999947e+00 -4.860566854476928711e-01 -4.084509909152984619e-01
1.200000000000000178e+00 -5.068938732147216797e-01 -4.224115312099456787e-01
1.209999999999999964e+00 -5.276141762733459473e-01 -4.360447525978088379e-01
1.219999999999999973e+00 -5.482134222984313965e-01 -4.493552446365356445e-01
1.229999999999999982e+00 -5.686876773834228516e-01 -4.623476862907409668e-01
1.239999999999999991e+00 -5.890330672264099121e-01 -4.750266671180725098e-01
1.250000000000000000e+00 -6.092457175254821777e-01 -4.873965680599212646e-01
1.260000000000000009e+00 -6.293221712112426758e-01 -4.994620382785797119e-01
1.270000000000000018e+00 -6.492589712142944336e-01 -5.112275481224060059e-01
1.280000000000000027e+00 -6.690524220466613770e-01 -5.226972103118896484e-01
1.290000000000000036e+00 -6.886995434761047363e-01 -5.338756442070007324e-01
1.300000000000000044e+00 -7.081969380378723145e-01 -5.447669029235839844e-01
1.310000000000000053e+00 -7.275415658950805664e-01 -5.553752779960632324e-01
1.320000000000000062e+00 -7.467307448387145996e-01 -5.657050609588623047e-01
1.330000000000000071e+00 -7.657613754272460938e-01 -5.757604241371154785e-01
1.339999999999999858e+00 -7.846307754516601562e-01 -5.855453610420227051e-01
1.350000000000000089e+00 -8.033367991447448730e-01 -5.950642824172973633e-01
1.359999999999999876e+00 -8.218764066696166992e-01 -6.043208837509155273e-01
1.370000000000000107e+00 -8.402477502822875977e-01 -6.133195161819458008e-01
1.379999999999999893e+00 -8.582536578178405762e-01 -6.219229698181152344e-01
1.390000000000000124e+00 -8.760522603988647461e-01 -6.302534341812133789e-01
1.399999999999999911e+00 -8.936806917190551758e-01 -6.383433341979980469e-01
1.410000000000000142e+00 -9.109753370285034180e-01 -6.460818052291870117e-01
1.419999999999999929e+00 -9.279600381851196289e-01 -6.534929871559143066e-01
1.430000000000000160e+00 -9.447756409645080566e-01 -6.606822609901428223e-01
1.439999999999999947e+00 -9.614211916923522949e-01 -6.676535606384277344e-01
1.450000000000000178e+00 -9.778951406478881836e-01 -6.744104027748107910e-01
1.459999999999999964e+00 -9.938446283340454102e-01 -6.807155013084411621e-01
1.469999999999999973e+00 -1.009573340415954590e+00 -6.867845654487609863e-01
1.479999999999999982e+00 -1.025136232376098633e+00 -6.926596164703369141e-01
1.489999999999999991e+00 -1.040532350540161133e+00 -6.983438730239868164e-01
1.500000000000000000e+00 -1.055761337280273438e+00 -7.038409113883972168e-01
