5.000000000000000000e-01 2.622742950916290283e-01 5.245485901832580566e-01
5.100000000000000089e-01 2.674576044082641602e-01 5.244266986846923828e-01
5.200000000000000178e-01 2.726372778415679932e-01 5.243024826049804688e-01
5.300000000000000266e-01 2.778132259845733643e-01 5.241759419441223145e-01
5.400000000000000355e-01 2.829853892326354980e-01 5.240470170974731445e-01
5.500000000000000444e-01 2.881537377834320068e-01 5.239158868789672852e-01
5.600000000000000533e-01 2.933181226253509521e-01 5.237823724746704102e-01
5.700000000000000622e-01 2.984784841537475586e-01 5.236464738845825195e-01
5.799999999999999600e-01 3.036347925662994385e-01 5.235082507133483887e-01
5.899999999999999689e-01 3.087869882583618164e-01 5.233678221702575684e-01
5.999999999999999778e-01 3.139350116252899170e-01 5.232250094413757324e-01
6.099999999999999867e-01 3.190787434577941895e-01 5.230798721313476562e-01
6.199999999999999956e-01 3.242181241512298584e-01 5.229324698448181152e-01
6.300000000000000044e-01 3.293531537055969238e-01 5.227828025817871094e-01
6.400000000000000133e-01 3.344837129116058350e-01 5.226308107376098633e-01
6.500000000000000222e-01 3.396097421646118164e-01 5.224765539169311523e-01
6.600000000000000311e-01 3.447311818599700928e-01 5.223199725151062012e-01
6.700000000000000400e-01 3.498479723930358887e-01 5.221611261367797852e-01
6.799999999999999378e-01 3.549600243568420410e-01 5.220000147819519043e-01
6.899999999999999467e-01 3.600673079490661621e-01 5.218366980552673340e-01
6.999999999999999556e-01 3.651697635650634766e-01 5.216711163520812988e-01
7.099999999999999645e-01 3.702672421932220459e-01 5.215031504631042480e-01
7.199999999999999734e-01 3.753598034381866455e-01 5.213330388069152832e-01
7.299999999999999822e-01 3.804472684860229492e-01 5.211606025695800781e-01
7.399999999999999911e-01 3.855297565460205078e-01 5.209861397743225098e-01
7.500000000000000000e-01 3.906069695949554443e-01 5.208092927932739258e-01
7.600000000000000089e-01 3.956789374351501465e-01 5.206301808357238770e-01
7.700000000000000178e-01 4.007456600666046143e-01 5.204489231109619141e-01
7.800000000000000266e-01 4.058069884777069092e-01 5.202654004096984863e-01
7.900000000000000355e-01 4.108629822731018066e-01 5.200797319412231445e-01
8.000000000000000444e-01 4.159134030342102051e-01 5.198917388916015625e-01
8.100000000000000533e-01 4.209583103656768799e-01 5.197016000747680664e-01
8.200000000000000622e-01 4.259977042675018311e-01 5.195093750953674316e-01
8.300000000000000711e-01 4.310313463211059570e-01 5.193148851394653320e-01
8.400000000000000799e-01 4.360592961311340332e-01 5.191182494163513184e-01
8.500000000000000888e-01 4.410814046859741211e-01 5.189192891120910645e-01
8.599999999999999867e-01 4.460977911949157715e-01 5.187183618545532227e-01
8.699999999999999956e-01 4.511082470417022705e-01 5.185152292251586914e-01
8.800000000000000044e-01 4.561127126216888428e-01 5.183098912239074707e-01
8.900000000000000133e-01 4.611111581325531006e-01 5.181024074554443359e-01
9.000000000000000222e-01 4.661034941673278809e-01 5.178927779197692871e-01
9.100000000000000311e-01 4.710898101329803467e-01 5.176811218261718750e-01
9.199999999999999289e-01 4.760698378086090088e-01 5.174672007560729980e-01
9.299999999999999378e-01 4.810436069965362549e-01 5.172511935234069824e-01
9.399999999999999467e-01 4.860111474990844727e-01 5.170331597328186035e-01
9.499999999999999556e-01 4.909721910953521729e-01 5.168128609657287598e-01
9.599999999999999645e-01 4.959269464015960693e-01 5.165905952453613281e-01
9.699999999999999734e-01 5.008751749992370605e-01 5.163661241531372070e-01
9.799999999999999822e-01 5.058168768882751465e-01 5.161396861076354980e-01
9.899999999999999911e-01 5.107519626617431641e-01 5.159110426902770996e-01
1.000000000000000000e+00 5.156804323196411133e-01 5.156804323196411133e-01
1.010000000000000009e+00 5.206021666526794434e-01 5.154476761817932129e-01
1.020000000000000018e+00 5.255171656608581543e-01 5.152128934860229492e-01
1.030000000000000027e+00 5.304254293441772461e-01 5.149761438369750977e-01
1.040000000000000036e+00 5.353267192840576172e-01 5.147372484207153320e-01
1.050000000000000044e+00 5.402210950851440430e-01 5.144963264465332031e-01
1.060000000000000053e+00 5.451085567474365234e-01 5.142533779144287109e-01
1.070000000000000062e+00 5.499890446662902832e-01 5.140084028244018555e-01
1.080000000000000071e+00 5.548623204231262207e-01 5.137614011764526367e-01
1.089999999999999858e+00 5.597286224365234375e-01 5.135124921798706055e-01
1.100000000000000089e+00 5.645876526832580566e-01 5.132614970207214355e-01
1.109999999999999876e+00 5.694395303726196289e-01 5.130085945129394531e-01
1.120000000000000107e+00 5.742840170860290527e-01 5.127536058425903320e-01
1.129999999999999893e+00 5.791211724281311035e-01 5.124965906143188477e-01
1.140000000000000124e+00 5.839509963989257812e-01 5.122377276420593262e-01
1.149999999999999911e+00 5.887734293937683105e-01 5.119768977165222168e-01
1.160000000000000142e+00 5.935882925987243652e-01 5.117140412330627441e-01
1.169999999999999929e+00 5.983956456184387207e-01 5.114492774009704590e-01
1.180000000000000160e+00 6.031954288482666016e-01 5.111826062202453613e-01
1.189999999999999947e+00 6.079875230789184570e-01 5.109138488769531250e-01
1.200000000000000178e+00 6.127720475196838379e-01 5.106433629989624023e-01
1.209999999999999964e+00 6.175488233566284180e-01 5.103709101676940918e-01
1.219999999999999973e+00 6.223177313804626465e-01 5.100964903831481934e-01
1.229999999999999982e+00 6.270788311958312988e-01 5.098201632499694824e-01
1.239999999999999991e+00 6.318321228027343750e-01 5.095420479774475098e-01
1.250000000000000000e+00 6.365775465965270996e-01 5.092620253562927246e-01
1.260000000000000009e+00 6.413148641586303711e-01 5.089800357818603516e-01
1.270000000000000018e+00 6.460443139076232910e-01 5.086963176727294922e-01
1.280000000000000027e+00 6.507655978202819824e-01 5.084106326103210449e-01
1.290000000000000036e+00 6.554788351058959961e-01 5.081231594085693359e-01
1.300000000000000044e+00 6.601839661598205566e-01 5.078338384628295898e-01
1.310000000000000053e+00 6.648808121681213379e-01 5.075426101684570312e-01
1.320000000000000062e+00 6.695694923400878906e-01 5.072495937347412109e-01
1.330000000000000071e+00 6.742500066757202148e-01 5.069548487663269043e-01
1.339999999999999858e+00 6.789219975471496582e-01 5.066581964492797852e-01
1.350000000000000089e+00 6.835857033729553223e-01 5.063597559928894043e-01
1.359999999999999876e+00 6.882410645484924316e-01 5.060595870018005371e-01
1.370000000000000107e+00 6.928879022598266602e-01 5.057575702667236328e-01
1.379999999999999893e+00 6.975263357162475586e-01 5.054538846015930176e-01
1.390000000000000124e+00 7.021561861038208008e-01 5.051483511924743652e-01
1.399999999999999911e+00 7.067775130271911621e-01 5.048410892486572266e-01
1.410000000000000142e+00 7.113901972770690918e-01 5.045320391654968262e-01
1.419999999999999929e+00 7.159941792488098145e-01 5.042212605476379395e-01
1.430000000000000160e+00 7.205895185470581055e-01 5.039087533950805664e-01
1.439999999999999947e+00 7.251761555671691895e-01 5.035945177078247070e-01
1.450000000000000178e+00 7.297540903091430664e-01 5.032786726951599121e-01
1.459999999999999964e+00 7.343230843544006348e-01 5.029609799385070801e-01
1.469999999999999973e+00 7.388832569122314453e-01 5.026416778564453125e-01
1.479999999999999982e+00 7.434347271919250488e-01 5.023207664489746094e-01
1.489999999999999991e+00 7.479770779609680176e-01 5.019980072975158691e-01
1.500000000000000000e+00 7.525105476379394531e-01 5.016736984252929688e-01
