5.000000000000000000e-01 3.686905652284622192e-02 7.373811304569244385e-02
5.100000000000000089e-01 4.466041177511215210e-02 8.756943792104721069e-02
5.200000000000000178e-01 5.245039612054824829e-02 1.008661463856697083e-01
5.300000000000000266e-01 6.023878976702690125e-02 1.136581003665924072e-01
5.400000000000000355e-01 6.802534312009811401e-02 1.259728521108627319e-01
5.500000000000000444e-01 7.580985873937606812e-02 1.378360986709594727e-01
5.600000000000000533e-01 8.359205722808837891e-02 1.492715328931808472e-01
5.700000000000000622e-01 9.137167781591415405e-02 1.603011935949325562e-01
5.799999999999999600e-01 9.914863109588623047e-02 1.709459275007247925e-01
5.899999999999999689e-01 1.069224774837493896e-01 1.812245398759841919e-01
5.999999999999999778e-01 1.146932095289230347e-01 1.911553442478179932e-01
6.099999999999999867e-01 1.224603876471519470e-01 2.007547318935394287e-01
6.199999999999999956e-01 1.302238553762435913e-01 2.100384682416915894e-01
6.300000000000000044e-01 1.379833370447158813e-01 2.190211713314056396e-01
6.400000000000000133e-01 1.457387357950210571e-01 2.277167737483978271e-01
6.500000000000000222e-01 1.534896939992904663e-01 2.361380010843276978e-01
6.600000000000000311e-01 1.612360924482345581e-01 2.442971020936965942e-01
6.700000000000000400e-01 1.689774394035339355e-01 2.522051334381103516e-01
6.799999999999999378e-01 1.767138391733169556e-01 2.598733007907867432e-01
6.899999999999999467e-01 1.844448894262313843e-01 2.673114240169525146e-01
6.999999999999999556e-01 1.921703815460205078e-01 2.745291292667388916e-01
7.099999999999999645e-01 1.998900026082992554e-01 2.815352380275726318e-01
7.199999999999999734e-01 2.076037526130676270e-01 2.883385419845581055e-01
7.299999999999999822e-01 2.153111994266510010e-01 2.949468493461608887e-01
7.399999999999999911e-01 2.230122238397598267e-01 3.013678789138793945e-01
7.500000000000000000e-01 2.307064533233642578e-01 3.076086044311523438e-01
7.600000000000000089e-01 2.383938282728195190e-01 3.136760890483856201e-01
7.700000000000000178e-01 2.460741251707077026e-01 3.195767998695373535e-01
7.800000000000000266e-01 2.537468969821929932e-01 3.253165483474731445e-01
7.900000000000000355e-01 2.614122331142425537e-01 3.309015631675720215e-01
8.000000000000000444e-01 2.690697014331817627e-01 3.363371193408966064e-01
8.100000000000000533e-01 2.767191827297210693e-01 3.416286110877990723e-01
8.200000000000000622e-01 2.843604087829589844e-01 3.467809855937957764e-01
8.300000000000000711e-01 2.919931709766387939e-01 3.517990112304687500e-01
8.400000000000000799e-01 2.996171414852142334e-01 3.566870987415313721e-01
8.500000000000000888e-01 3.072324991226196289e-01 3.614499866962432861e-01
8.599999999999999867e-01 3.148385286331176758e-01 3.660913109779357910e-01
8.699999999999999956e-01 3.224352002143859863e-01 3.706151843070983887e-01
8.800000000000000044e-01 3.300223946571350098e-01 3.750254511833190918e-01
8.900000000000000133e-01 3.375997841358184814e-01 3.793255984783172607e-01
9.000000000000000222e-01 3.451673686504364014e-01 3.835193216800689697e-01
9.100000000000000311e-01 3.527247011661529541e-01 3.876095414161682129e-01
9.199999999999999289e-01 3.602715730667114258e-01 3.915995359420776367e-01
9.299999999999999378e-01 3.678079247474670410e-01 3.954923748970031738e-01
9.399999999999999467e-01 3.753333687782287598e-01 3.992908298969268799e-01
9.499999999999999556e-01 3.834008276462554932e-01 4.035798311233520508e-01
9.599999999999999645e-01 3.926827907562255859e-01 4.090445935726165771e-01
9.699999999999999734e-01 4.030430912971496582e-01 4.155083298683166504e-01
9.799999999999999822e-01 4.147855639457702637e-01 4.232505559921264648e-01
9.899999999999999911e-01 4.265002310276031494e-01 4.308083057403564453e-01
1.000000000000000000e+00 4.381844997406005859e-01 4.381844997406005859e-01
1.010000000000000009e+00 4.504131078720092773e-01 4.459535777568817139e-01
1.020000000000000018e+00 4.627290368080139160e-01 4.536559283733367920e-01
1.030000000000000027e+00 4.750078618526458740e-01 4.611726999282836914e-01
1.040000000000000036e+00 4.872490465641021729e-01 4.685087203979492188e-01
1.050000000000000044e+00 4.994513988494873047e-01 4.756680130958557129e-01
1.060000000000000053e+00 5.116143226623535156e-01 4.826550483703613281e-01
1.070000000000000062e+00 5.237369537353515625e-01 4.894737601280212402e-01
1.080000000000000071e+00 5.358182787895202637e-01 4.961280226707458496e-01
1.089999999999999858e+00 5.478577017784118652e-01 5.026217103004455566e-01
1.100000000000000089e+00 5.598542094230651855e-01 5.089583396911621094e-01
1.109999999999999876e+00 5.719246268272399902e-01 5.152474045753479004e-01
1.120000000000000107e+00 5.841299295425415039e-01 5.215445756912231445e-01
1.129999999999999893e+00 5.962879657745361328e-01 5.276884436607360840e-01
1.140000000000000124e+00 6.083977222442626953e-01 5.336822271347045898e-01
1.149999999999999911e+00 6.204585433006286621e-01 5.395292043685913086e-01
1.160000000000000142e+00 6.324696540832519531e-01 5.452324748039245605e-01
1.169999999999999929e+00 6.444302201271057129e-01 5.507950782775878906e-01
1.180000000000000160e+00 6.563396453857421875e-01 5.562200546264648438e-01
1.189999999999999947e+00 6.681971549987792969e-01 5.615102052688598633e-01
1.200000000000000178e+00 6.803577542304992676e-01 5.669647455215454102e-01
1.209999999999999964e+00 6.925073266029357910e-01 5.723201036453247070e-01
1.219999999999999973e+00 7.045992016792297363e-01 5.775403380393981934e-01
1.229999999999999982e+00 7.166324257850646973e-01 5.826279520988464355e-01
1.239999999999999991e+00 7.286065220832824707e-01 5.875859260559082031e-01
1.250000000000000000e+00 7.405205965042114258e-01 5.924164652824401855e-01
1.260000000000000009e+00 7.523741126060485840e-01 5.971223115921020508e-01
1.270000000000000018e+00 7.641664147377014160e-01 6.017058491706848145e-01
1.280000000000000027e+00 7.758968472480773926e-01 6.061694025993347168e-01
1.290000000000000036e+00 7.875646948814392090e-01 6.105152964591979980e-01
1.300000000000000044e+00 7.991694808006286621e-01 6.147457957267761230e-01
1.310000000000000053e+00 8.107105493545532227e-01 6.188630461692810059e-01
1.320000000000000062e+00 8.221875429153442383e-01 6.228693127632141113e-01
1.330000000000000071e+00 8.335995674133300781e-01 6.267665624618530273e-01
1.339999999999999858e+00 8.449462652206420898e-01 6.305568814277648926e-01
1.350000000000000089e+00 8.562272191047668457e-01 6.342423558235168457e-01
1.359999999999999876e+00 8.674418926239013672e-01 6.378248929977416992e-01
1.370000000000000107e+00 8.785896301269531250e-01 6.413062810897827148e-01
1.379999999999999893e+00 8.896701931953430176e-01 6.446885466575622559e-01
1.390000000000000124e+00 9.006830453872680664e-01 6.479734182357788086e-01
1.399999999999999911e+00 9.116278886795043945e-01 6.511628031730651855e-01
1.410000000000000142e+00 9.225042462348937988e-01 6.542583703994750977e-01
1.419999999999999929e+00 9.333115816116333008e-01 6.572616696357727051e-01
1.430000000000000160e+00 9.440497159957885742e-01 6.601746678352355957e-01
1.439999999999999947e+00 9.547185301780700684e-01 6.629989743232727051e-01
1.450000000000000178e+00 9.653171896934509277e-01 6.657359600067138672e-01
1.459999999999999964e+00 9.758457541465759277e-01 6.683874726295471191e-01
1.469999999999999973e+00 9.863037467002868652e-01 6.709549427032470703e-01
1.479999999999999982e+00 9.966909885406494141e-01 6.734398603439331055e-01
1.489999999999999991e+00 1.007007241249084473e+00 6.758437752723693848e-01
1.500000000000000000e+00 1.017251968383789062e+00 6.781679987907409668e-01
