1.000000
1.000000
1.000000
1.000000
1.000000
1.000000
1.000000
1.000000
1.000000
1.000000
1.000000
1.000000
1.000000
1.000000
1.000000
1.000000
1.000000
1.000000
1.000000
1.000000
0.999999
0.999999
0.999997
0.999995
0.999988
0.999976
0.999950
0.999895
0.999781
0.999553
0.999089
0.998079
0.994573
0.984352
0.955300
0.874668
0.843417
0.813496
0.778544
0.737987
0.691290
0.638005
0.577819
0.528128
0.511701
0.494891
0.477703
0.437515
0.368014
0.294142
0.216581
0.007152
-0.321498
-0.312653
-0.325375
-0.339356
-0.428622
-0.531075
-0.614095
-0.684923
-0.744844
-0.800915
-0.861906
-0.937813
-0.983670
-0.995650
-0.998838
-0.999690
-0.999917
-0.999978
-0.999994
-0.999998
-1.000000
-1.000000
-1.000000
-1.000000
-1.000000
-1.000000
-1.000000
-1.000000
-1.000000
-1.000000
-1.000000
-1.000000
-1.000000
-1.000000
-1.000000
-1.000000
-1.000000
-1.000000
-1.000000
-1.000000
-1.000000
-1.000000
-1.000000
-1.000000
-1.000000
-1.000000
-1.000000
-1.000000
