-0.203232
-0.199237
-0.195236
-0.191227
-0.187213
-0.183192
-0.179165
-0.175132
-0.171093
-0.167048
-0.162998
-0.158942
-0.154881
-0.150815
-0.146743
-0.142667
-0.138586
-0.134500
-0.130409
-0.126314
-0.122214
-0.118111
-0.114003
-0.109892
-0.105777
-0.101658
-0.097535
-0.093410
-0.089281
-0.085149
-0.081014
-0.076876
-0.072736
-0.068593
-0.064448
-0.060300
-0.056150
-0.051999
-0.047846
-0.043691
-0.039534
-0.035376
-0.031217
-0.027057
-0.022896
-0.018734
-0.014572
-0.010409
-0.006245
-0.002082
-0.001046
-0.003139
-0.005231
-0.007324
-0.009416
-0.011508
-0.013601
-0.015693
-0.017785
-0.019876
-0.021968
-0.024059
-0.026151
-0.028242
-0.030332
-0.032423
-0.034513
-0.036603
-0.038692
-0.040782
-0.042871
-0.044959
-0.047047
-0.049135
-0.051222
-0.053309
-0.055395
-0.057481
-0.059566
-0.061651
-0.063736
-0.065819
-0.067903
-0.069985
-0.072067
-0.074148
-0.076229
-0.078309
-0.080388
-0.082467
-0.084545
-0.086622
-0.088699
-0.090774
-0.092849
-0.094923
-0.096997
-0.099069
-0.101141
-0.103211
