+0.567 +0.567 +0.567 +0.567 +0.567 +0.567 +0.568 +0.568 +0.568 +0.568 +0.568 +0.568 +0.568 +0.567 +0.566 +0.565 +0.562 +0.559 +0.555 +0.552 +0.548 +0.544 +0.538 +0.535 +0.532 +0.528 +0.524 +0.518 +0.513 +0.508 +0.502 +0.497 +0.492 +0.488 +0.483 +0.479 +0.477 +0.476 +0.476 +0.476 +0.476 +0.476 +0.475 +0.474 +0.472 +0.470 +0.466 +0.462 +0.457 +0.453
+0.565 +0.564 +0.564 +0.564 +0.564 +0.564 +0.565 +0.565 +0.565 +0.565 +0.565 +0.566 +0.565 +0.565 +0.564 +0.562 +0.561 +0.558 +0.554 +0.550 +0.547 +0.543 +0.537 +0.533 +0.530 +0.526 +0.523 +0.517 +0.512 +0.506 +0.501 +0.496 +0.491 +0.487 +0.482 +0.479 +0.478 +0.477 +0.477 +0.477 +0.477 +0.477 +0.475 +0.474 +0.472 +0.468 +0.464 +0.459 +0.455 +0.452
+0.563 +0.562 +0.561 +0.561 +0.562 +0.562 +0.562 +0.562 +0.562 +0.562 +0.562 +0.563 +0.563 +0.562 +0.561 +0.560 +0.559 +0.556 +0.553 +0.549 +0.545 +0.541 +0.536 +0.532 +0.529 +0.525 +0.521 +0.516 +0.511 +0.505 +0.500 +0.495 +0.490 +0.486 +0.482 +0.479 +0.478 +0.478 +0.478 +0.478 +0.478 +0.477 +0.475 +0.473 +0.470 +0.466 +0.461 +0.457 +0.453 +0.450
+0.561 +0.560 +0.559 +0.559 +0.559 +0.559 +0.559 +0.559 +0.559 +0.559 +0.559 +0.560 +0.560 +0.560 +0.559 +0.558 +0.557 +0.555 +0.551 +0.547 +0.544 +0.540 +0.535 +0.531 +0.528 +0.524 +0.520 +0.515 +0.509 +0.504 +0.498 +0.493 +0.489 +0.485 +0.481 +0.479 +0.479 +0.479 +0.479 +0.479 +0.478 +0.477 +0.475 +0.472 +0.468 +0.463 +0.459 +0.455 +0.452 +0.450
+0.559 +0.558 +0.557 +0.556 +0.556 +0.556 +0.556 +0.556 +0.556 +0.557 +0.557 +0.557 +0.557 +0.557 +0.557 +0.556 +0.555 +0.553 +0.550 +0.546 +0.543 +0.539 +0.534 +0.530 +0.527 +0.523 +0.519 +0.513 +0.508 +0.502 +0.497 +0.492 +0.488 +0.484 +0.481 +0.480 +0.480 +0.480 +0.480 +0.479 +0.478 +0.476 +0.474 +0.470 +0.465 +0.460 +0.457 +0.454 +0.452 +0.449
+0.557 +0.556 +0.555 +0.554 +0.554 +0.553 +0.553 +0.553 +0.554 +0.554 +0.554 +0.554 +0.554 +0.554 +0.554 +0.554 +0.553 +0.551 +0.549 +0.545 +0.542 +0.538 +0.533 +0.528 +0.525 +0.521 +0.517 +0.512 +0.507 +0.501 +0.496 +0.491 +0.487 +0.483 +0.481 +0.481 +0.481 +0.481 +0.481 +0.479 +0.478 +0.476 +0.471 +0.467 +0.462 +0.459 +0.456 +0.454 +0.451 +0.447
+0.556 +0.554 +0.553 +0.553 +0.552 +0.551 +0.551 +0.551 +0.551 +0.551 +0.551 +0.551 +0.551 +0.551 +0.552 +0.551 +0.550 +0.549 +0.547 +0.544 +0.540 +0.537 +0.532 +0.527 +0.524 +0.520 +0.516 +0.511 +0.505 +0.500 +0.495 +0.490 +0.486 +0.483 +0.482 +0.482 +0.482 +0.482 +0.481 +0.479 +0.477 +0.473 +0.469 +0.464 +0.461 +0.458 +0.456 +0.453 +0.449 +0.445
+0.555 +0.553 +0.552 +0.551 +0.550 +0.549 +0.548 +0.548 +0.548 +0.548 +0.548 +0.548 +0.548 +0.548 +0.549 +0.549 +0.548 +0.547 +0.546 +0.543 +0.539 +0.535 +0.531 +0.526 +0.523 +0.519 +0.515 +0.509 +0.504 +0.498 +0.494 +0.489 +0.485 +0.483 +0.483 +0.483 +0.483 +0.482 +0.481 +0.479 +0.475 +0.471 +0.466 +0.463 +0.460 +0.458 +0.455 +0.451 +0.446 +0.443
+0.556 +0.553 +0.550 +0.549 +0.548 +0.547 +0.546 +0.546 +0.545 +0.545 +0.545 +0.545 +0.546 +0.546 +0.546 +0.546 +0.546 +0.545 +0.544 +0.541 +0.538 +0.534 +0.530 +0.525 +0.522 +0.518 +0.513 +0.508 +0.503 +0.497 +0.493 +0.488 +0.485 +0.484 +0.484 +0.484 +0.484 +0.482 +0.480 +0.477 +0.473 +0.468 +0.465 +0.462 +0.460 +0.456 +0.452 +0.448 +0.444 +0.441
+0.557 +0.554 +0.551 +0.548 +0.547 +0.545 +0.544 +0.544 +0.543 +0.542 +0.542 +0.543 +0.543 +0.543 +0.543 +0.543 +0.543 +0.543 +0.542 +0.540 +0.536 +0.533 +0.529 +0.524 +0.521 +0.517 +0.512 +0.507 +0.501 +0.496 +0.492 +0.487 +0.485 +0.485 +0.485 +0.485 +0.484 +0.482 +0.479 +0.475 +0.470 +0.467 +0.464 +0.461 +0.458 +0.454 +0.450 +0.446 +0.443 +0.438
+0.557 +0.555 +0.552 +0.549 +0.546 +0.544 +0.543 +0.542 +0.541 +0.540 +0.540 +0.540 +0.540 +0.540 +0.540 +0.540 +0.541 +0.540 +0.539 +0.538 +0.535 +0.531 +0.528 +0.523 +0.519 +0.516 +0.511 +0.505 +0.500 +0.495 +0.491 +0.487 +0.486 +0.486 +0.486 +0.485 +0.483 +0.481 +0.477 +0.472 +0.469 +0.466 +0.463 +0.460 +0.455 +0.452 +0.448 +0.444 +0.440 +0.435
+0.557 +0.555 +0.552 +0.550 +0.548 +0.544 +0.541 +0.540 +0.539 +0.538 +0.538 +0.537 +0.537 +0.537 +0.537 +0.537 +0.537 +0.538 +0.537 +0.536 +0.534 +0.530 +0.527 +0.522 +0.518 +0.514 +0.510 +0.504 +0.499 +0.494 +0.490 +0.487 +0.487 +0.487 +0.486 +0.485 +0.483 +0.478 +0.474 +0.471 +0.468 +0.465 +0.461 +0.457 +0.453 +0.450 +0.446 +0.441 +0.437 +0.432
+0.558 +0.555 +0.553 +0.550 +0.548 +0.545 +0.542 +0.539 +0.538 +0.536 +0.536 +0.535 +0.534 +0.534 +0.534 +0.535 +0.535 +0.535 +0.535 +0.534 +0.532 +0.529 +0.525 +0.521 +0.517 +0.513 +0.508 +0.503 +0.497 +0.493 +0.489 +0.488 +0.488 +0.488 +0.486 +0.485 +0.480 +0.476 +0.473 +0.470 +0.467 +0.463 +0.459 +0.455 +0.451 +0.447 +0.443 +0.438 +0.433 +0.429
+0.558 +0.555 +0.553 +0.550 +0.548 +0.545 +0.543 +0.541 +0.537 +0.535 +0.534 +0.533 +0.532 +0.532 +0.532 +0.532 +0.532 +0.532 +0.532 +0.532 +0.530 +0.528 +0.524 +0.520 +0.516 +0.512 +0.507 +0.501 +0.496 +0.492 +0.489 +0.489 +0.489 +0.488 +0.486 +0.482 +0.478 +0.475 +0.472 +0.469 +0.464 +0.461 +0.457 +0.453 +0.448 +0.444 +0.439 +0.435 +0.430 +0.426
+0.558 +0.556 +0.553 +0.551 +0.548 +0.546 +0.543 +0.541 +0.539 +0.536 +0.532 +0.531 +0.530 +0.529 +0.529 +0.529 +0.529 +0.529 +0.529 +0.529 +0.528 +0.526 +0.523 +0.519 +0.514 +0.511 +0.506 +0.500 +0.495 +0.491 +0.490 +0.490 +0.489 +0.488 +0.484 +0.480 +0.477 +0.474 +0.470 +0.466 +0.462 +0.459 +0.454 +0.450 +0.445 +0.440 +0.436 +0.432 +0.428 +0.425
+0.559 +0.556 +0.554 +0.551 +0.549 +0.546 +0.544 +0.541 +0.539 +0.536 +0.534 +0.530 +0.529 +0.527 +0.527 +0.526 +0.526 +0.526 +0.526 +0.527 +0.526 +0.525 +0.521 +0.518 +0.513 +0.510 +0.504 +0.499 +0.494 +0.491 +0.491 +0.491 +0.489 +0.486 +0.482 +0.479 +0.476 +0.472 +0.468 +0.464 +0.460 +0.456 +0.451 +0.446 +0.442 +0.438 +0.434 +0.431 +0.427 +0.423
+0.559 +0.557 +0.554 +0.552 +0.549 +0.547 +0.544 +0.541 +0.539 +0.536 +0.534 +0.532 +0.529 +0.526 +0.525 +0.524 +0.523 +0.523 +0.524 +0.524 +0.524 +0.523 +0.520 +0.516 +0.512 +0.508 +0.503 +0.498 +0.493 +0.492 +0.492 +0.491 +0.488 +0.484 +0.481 +0.478 +0.473 +0.470 +0.466 +0.461 +0.457 +0.452 +0.448 +0.444 +0.440 +0.437 +0.433 +0.429 +0.426 +0.422
+0.558 +0.556 +0.554 +0.552 +0.549 +0.547 +0.544 +0.542 +0.539 +0.537 +0.534 +0.532 +0.529 +0.527 +0.523 +0.522 +0.521 +0.521 +0.521 +0.521 +0.521 +0.521 +0.519 +0.515 +0.511 +0.507 +0.502 +0.497 +0.493 +0.493 +0.492 +0.490 +0.486 +0.483 +0.479 +0.475 +0.472 +0.467 +0.463 +0.458 +0.454 +0.450 +0.446 +0.442 +0.439 +0.435 +0.431 +0.428 +0.424 +0.420
+0.554 +0.553 +0.552 +0.551 +0.549 +0.547 +0.545 +0.542 +0.540 +0.537 +0.535 +0.532 +0.529 +0.527 +0.525 +0.522 +0.519 +0.518 +0.518 +0.518 +0.518 +0.518 +0.517 +0.514 +0.509 +0.506 +0.500 +0.496 +0.494 +0.494 +0.492 +0.487 +0.485 +0.481 +0.477 +0.473 +0.469 +0.464 +0.460 +0.456 +0.452 +0.448 +0.445 +0.441 +0.437 +0.434 +0.430 +0.426 +0.422 +0.419
+0.548 +0.548 +0.547 +0.546 +0.545 +0.544 +0.543 +0.542 +0.540 +0.537 +0.535 +0.532 +0.530 +0.527 +0.525 +0.522 +0.520 +0.517 +0.516 +0.515 +0.515 +0.515 +0.515 +0.513 +0.508 +0.504 +0.499 +0.495 +0.495 +0.493 +0.489 +0.486 +0.483 +0.479 +0.474 +0.470 +0.466 +0.462 +0.458 +0.454 +0.451 +0.447 +0.443 +0.439 +0.436 +0.432 +0.429 +0.426 +0.423 +0.420
+0.543 +0.542 +0.541 +0.540 +0.540 +0.539 +0.538 +0.538 +0.537 +0.536 +0.534 +0.532 +0.530 +0.528 +0.525 +0.523 +0.520 +0.517 +0.515 +0.513 +0.512 +0.512 +0.513 +0.511 +0.507 +0.503 +0.498 +0.496 +0.495 +0.491 +0.488 +0.484 +0.480 +0.476 +0.471 +0.468 +0.464 +0.460 +0.456 +0.453 +0.449 +0.445 +0.442 +0.439 +0.436 +0.433 +0.431 +0.428 +0.425 +0.423
+0.537 +0.537 +0.536 +0.535 +0.534 +0.534 +0.533 +0.532 +0.531 +0.531 +0.530 +0.529 +0.528 +0.527 +0.525 +0.523 +0.520 +0.518 +0.515 +0.513 +0.510 +0.510 +0.510 +0.509 +0.506 +0.502 +0.497 +0.496 +0.493 +0.490 +0.486 +0.482 +0.477 +0.474 +0.470 +0.466 +0.462 +0.459 +0.455 +0.452 +0.449 +0.446 +0.444 +0.441 +0.438 +0.436 +0.433 +0.431 +0.428 +0.425
+0.531 +0.531 +0.530 +0.529 +0.529 +0.528 +0.527 +0.527 +0.526 +0.525 +0.524 +0.524 +0.523 +0.522 +0.522 +0.521 +0.520 +0.518 +0.516 +0.513 +0.511 +0.508 +0.507 +0.507 +0.505 +0.501 +0.498 +0.495 +0.492 +0.488 +0.483 +0.479 +0.476 +0.472 +0.468 +0.465 +0.462 +0.460 +0.457 +0.454 +0.452 +0.449 +0.446 +0.444 +0.441 +0.438 +0.436 +0.433 +0.430 +0.428
+0.525 +0.524 +0.524 +0.523 +0.522 +0.522 +0.521 +0.520 +0.520 +0.519 +0.519 +0.518 +0.517 +0.517 +0.516 +0.515 +0.514 +0.514 +0.513 +0.512 +0.511 +0.508 +0.506 +0.504 +0.504 +0.499 +0.497 +0.493 +0.489 +0.485 +0.482 +0.479 +0.476 +0.473 +0.470 +0.468 +0.465 +0.462 +0.460 +0.457 +0.454 +0.452 +0.449 +0.446 +0.444 +0.441 +0.438 +0.436 +0.433 +0.430
+0.519 +0.518 +0.518 +0.517 +0.516 +0.516 +0.515 +0.514 +0.514 +0.513 +0.512 +0.512 +0.511 +0.510 +0.510 +0.509 +0.508 +0.508 +0.507 +0.507 +0.506 +0.505 +0.505 +0.504 +0.501 +0.499 +0.495 +0.492 +0.489 +0.487 +0.484 +0.481 +0.478 +0.476 +0.473 +0.470 +0.468 +0.465 +0.462 +0.459 +0.457 +0.454 +0.451 +0.449 +0.446 +0.443 +0.440 +0.438 +0.435 +0.432
+0.513 +0.512 +0.512 +0.511 +0.510 +0.510 +0.509 +0.509 +0.508 +0.507 +0.507 +0.506 +0.505 +0.505 +0.504 +0.503 +0.503 +0.502 +0.501 +0.501 +0.500 +0.499 +0.499 +0.498 +0.499 +0.499 +0.497 +0.494 +0.491 +0.488 +0.486 +0.483 +0.480 +0.477 +0.475 +0.472 +0.469 +0.466 +0.464 +0.461 +0.458 +0.455 +0.453 +0.450 +0.447 +0.444 +0.442 +0.439 +0.436 +0.434
+0.507 +0.507 +0.506 +0.505 +0.505 +0.504 +0.503 +0.503 +0.502 +0.501 +0.501 +0.500 +0.499 +0.499 +0.498 +0.497 +0.497 +0.496 +0.495 +0.494 +0.494 +0.494 +0.495 +0.497 +0.499 +0.500 +0.496 +0.495 +0.493 +0.491 +0.488 +0.485 +0.482 +0.479 +0.476 +0.474 +0.471 +0.468 +0.465 +0.463 +0.460 +0.457 +0.455 +0.452 +0.449 +0.446 +0.444 +0.441 +0.438 +0.435
+0.502 +0.501 +0.500 +0.500 +0.499 +0.498 +0.498 +0.497 +0.496 +0.496 +0.495 +0.494 +0.493 +0.492 +0.491 +0.490 +0.490 +0.490 +0.490 +0.491 +0.492 +0.494 +0.495 +0.495 +0.500 +0.501 +0.498 +0.494 +0.493 +0.492 +0.490 +0.487 +0.484 +0.482 +0.479 +0.476 +0.473 +0.470 +0.467 +0.465 +0.462 +0.459 +0.456 +0.454 +0.451 +0.448 +0.445 +0.443 +0.440 +0.437
+0.496 +0.495 +0.494 +0.494 +0.493 +0.492 +0.491 +0.490 +0.489 +0.488 +0.488 +0.487 +0.486 +0.485 +0.486 +0.486 +0.487 +0.487 +0.488 +0.490 +0.492 +0.493 +0.492 +0.495 +0.500 +0.502 +0.499 +0.495 +0.492 +0.490 +0.489 +0.488 +0.486 +0.484 +0.481 +0.478 +0.475 +0.473 +0.470 +0.467 +0.464 +0.461 +0.458 +0.456 +0.453 +0.450 +0.447 +0.444 +0.442 +0.439
+0.489 +0.488 +0.487 +0.486 +0.486 +0.485 +0.484 +0.483 +0.482 +0.482 +0.481 +0.482 +0.482 +0.482 +0.483 +0.484 +0.485 +0.486 +0.488 +0.490 +0.490 +0.490 +0.492 +0.496 +0.501 +0.503 +0.500 +0.497 +0.493 +0.489 +0.488 +0.487 +0.486 +0.485 +0.483 +0.480 +0.477 +0.474 +0.472 +0.469 +0.466 +0.464 +0.461 +0.458 +0.455 +0.452 +0.449 +0.446 +0.444 +0.441
+0.482 +0.481 +0.480 +0.479 +0.478 +0.478 +0.477 +0.477 +0.478 +0.478 +0.478 +0.479 +0.479 +0.480 +0.481 +0.483 +0.484 +0.486 +0.488 +0.488 +0.488 +0.489 +0.492 +0.497 +0.502 +0.503 +0.501 +0.498 +0.494 +0.490 +0.487 +0.485 +0.484 +0.483 +0.482 +0.481 +0.479 +0.477 +0.474 +0.471 +0.468 +0.465 +0.463 +0.460 +0.457 +0.454 +0.452 +0.449 +0.446 +0.443
+0.475 +0.474 +0.473 +0.473 +0.473 +0.473 +0.474 +0.474 +0.475 +0.475 +0.476 +0.476 +0.478 +0.479 +0.481 +0.482 +0.485 +0.486 +0.486 +0.485 +0.486 +0.489 +0.493 +0.498 +0.503 +0.504 +0.502 +0.499 +0.496 +0.492 +0.488 +0.484 +0.483 +0.482 +0.481 +0.480 +0.479 +0.478 +0.475 +0.473 +0.470 +0.468 +0.465 +0.462 +0.459 +0.457 +0.454 +0.451 +0.448 +0.445
+0.469 +0.469 +0.469 +0.470 +0.470 +0.471 +0.471 +0.471 +0.472 +0.473 +0.474 +0.476 +0.477 +0.479 +0.481 +0.483 +0.483 +0.484 +0.483 +0.483 +0.486 +0.489 +0.494 +0.499 +0.503 +0.505 +0.503 +0.500 +0.498 +0.493 +0.489 +0.485 +0.482 +0.480 +0.479 +0.478 +0.477 +0.476 +0.475 +0.474 +0.472 +0.470 +0.467 +0.464 +0.461 +0.458 +0.456 +0.453 +0.450 +0.448
+0.466 +0.466 +0.467 +0.467 +0.467 +0.468 +0.468 +0.469 +0.470 +0.472 +0.473 +0.475 +0.477 +0.479 +0.481 +0.481 +0.482 +0.481 +0.481 +0.483 +0.485 +0.489 +0.495 +0.500 +0.504 +0.505 +0.504 +0.501 +0.499 +0.495 +0.491 +0.487 +0.483 +0.480 +0.478 +0.476 +0.476 +0.475 +0.474 +0.473 +0.472 +0.470 +0.468 +0.466 +0.463 +0.461 +0.458 +0.455 +0.452 +0.449
+0.463 +0.463 +0.464 +0.464 +0.465 +0.466 +0.467 +0.468 +0.470 +0.471 +0.473 +0.475 +0.477 +0.479 +0.479 +0.480 +0.479 +0.478 +0.480 +0.482 +0.485 +0.490 +0.495 +0.501 +0.505 +0.506 +0.505 +0.502 +0.499 +0.497 +0.492 +0.488 +0.484 +0.480 +0.477 +0.475 +0.474 +0.473 +0.472 +0.471 +0.470 +0.469 +0.468 +0.467 +0.465 +0.462 +0.460 +0.457 +0.454 +0.452
+0.460 +0.460 +0.461 +0.462 +0.463 +0.465 +0.466 +0.468 +0.470 +0.471 +0.473 +0.476 +0.477 +0.477 +0.478 +0.477 +0.476 +0.477 +0.479 +0.482 +0.485 +0.491 +0.496 +0.501 +0.505 +0.507 +0.506 +0.503 +0.500 +0.498 +0.495 +0.490 +0.486 +0.482 +0.478 +0.475 +0.473 +0.471 +0.471 +0.470 +0.469 +0.468 +0.467 +0.466 +0.465 +0.463 +0.461 +0.459 +0.456 +0.454
+0.458 +0.459 +0.460 +0.461 +0.463 +0.464 +0.466 +0.468 +0.469 +0.472 +0.474 +0.474 +0.475 +0.476 +0.475 +0.474 +0.474 +0.477 +0.479 +0.482 +0.486 +0.492 +0.497 +0.502 +0.506 +0.507 +0.507 +0.504 +0.501 +0.499 +0.496 +0.492 +0.487 +0.483 +0.479 +0.475 +0.472 +0.470 +0.469 +0.468 +0.467 +0.466 +0.465 +0.464 +0.463 +0.462 +0.461 +0.460 +0.458 +0.455
+0.456 +0.458 +0.459 +0.461 +0.462 +0.464 +0.466 +0.468 +0.470 +0.472 +0.472 +0.473 +0.473 +0.473 +0.472 +0.472 +0.474 +0.476 +0.479 +0.482 +0.488 +0.493 +0.498 +0.503 +0.507 +0.508 +0.507 +0.506 +0.502 +0.499 +0.497 +0.494 +0.488 +0.485 +0.481 +0.477 +0.473 +0.470 +0.468 +0.466 +0.465 +0.465 +0.464 +0.463 +0.462 +0.461 +0.460 +0.459 +0.458 +0.456
+0.456 +0.457 +0.459 +0.460 +0.462 +0.464 +0.466 +0.468 +0.470 +0.470 +0.471 +0.471 +0.470 +0.470 +0.469 +0.471 +0.473 +0.476 +0.479 +0.483 +0.489 +0.494 +0.499 +0.504 +0.507 +0.509 +0.508 +0.507 +0.503 +0.500 +0.498 +0.495 +0.491 +0.486 +0.482 +0.478 +0.474 +0.471 +0.467 +0.465 +0.464 +0.463 +0.462 +0.461 +0.460 +0.459 +0.458 +0.457 +0.456 +0.455
+0.455 +0.457 +0.458 +0.460 +0.462 +0.464 +0.467 +0.468 +0.468 +0.469 +0.469 +0.468 +0.467 +0.467 +0.468 +0.471 +0.473 +0.475 +0.478 +0.484 +0.490 +0.495 +0.500 +0.504 +0.508 +0.509 +0.509 +0.508 +0.504 +0.501 +0.499 +0.496 +0.493 +0.488 +0.484 +0.480 +0.476 +0.472 +0.468 +0.465 +0.463 +0.461 +0.460 +0.459 +0.459 +0.458 +0.457 +0.456 +0.455 +0.454
+0.455 +0.456 +0.458 +0.461 +0.463 +0.465 +0.466 +0.466 +0.467 +0.467 +0.466 +0.465 +0.465 +0.466 +0.468 +0.470 +0.472 +0.475 +0.479 +0.485 +0.490 +0.496 +0.501 +0.505 +0.509 +0.510 +0.509 +0.509 +0.505 +0.502 +0.499 +0.497 +0.494 +0.490 +0.485 +0.482 +0.477 +0.473 +0.469 +0.466 +0.463 +0.460 +0.459 +0.458 +0.457 +0.456 +0.455 +0.454 +0.453 +0.452
+0.455 +0.457 +0.459 +0.461 +0.463 +0.463 +0.464 +0.465 +0.465 +0.464 +0.463 +0.463 +0.463 +0.465 +0.467 +0.469 +0.472 +0.475 +0.480 +0.486 +0.491 +0.497 +0.502 +0.506 +0.509 +0.511 +0.510 +0.509 +0.507 +0.503 +0.500 +0.498 +0.495 +0.492 +0.487 +0.483 +0.479 +0.475 +0.470 +0.467 +0.463 +0.460 +0.458 +0.456 +0.455 +0.454 +0.454 +0.453 +0.452 +0.451
+0.455 +0.457 +0.459 +0.461 +0.461 +0.462 +0.463 +0.463 +0.462 +0.461 +0.461 +0.460 +0.462 +0.464 +0.466 +0.469 +0.472 +0.476 +0.481 +0.487 +0.492 +0.498 +0.502 +0.506 +0.510 +0.511 +0.511 +0.510 +0.508 +0.504 +0.501 +0.499 +0.497 +0.493 +0.490 +0.484 +0.480 +0.476 +0.472 +0.468 +0.464 +0.461 +0.458 +0.455 +0.454 +0.453 +0.452 +0.451 +0.450 +0.449
+0.455 +0.458 +0.459 +0.459 +0.460 +0.461 +0.461 +0.460 +0.459 +0.458 +0.458 +0.459 +0.462 +0.463 +0.466 +0.469 +0.472 +0.477 +0.483 +0.488 +0.493 +0.499 +0.503 +0.507 +0.511 +0.512 +0.512 +0.511 +0.509 +0.505 +0.502 +0.500 +0.497 +0.495 +0.491 +0.486 +0.482 +0.478 +0.474 +0.470 +0.465 +0.462 +0.459 +0.456 +0.453 +0.451 +0.450 +0.449 +0.448 +0.448
+0.456 +0.457 +0.457 +0.458 +0.459 +0.459 +0.458 +0.456 +0.456 +0.456 +0.457 +0.459 +0.461 +0.463 +0.466 +0.469 +0.472 +0.478 +0.484 +0.489 +0.494 +0.499 +0.504 +0.508 +0.511 +0.513 +0.512 +0.511 +0.510 +0.506 +0.503 +0.500 +0.498 +0.496 +0.493 +0.489 +0.483 +0.479 +0.476 +0.471 +0.467 +0.463 +0.459 +0.456 +0.453 +0.450 +0.449 +0.448 +0.447 +0.446
+0.455 +0.455 +0.456 +0.456 +0.456 +0.456 +0.454 +0.454 +0.454 +0.454 +0.456 +0.458 +0.460 +0.463 +0.466 +0.469 +0.473 +0.479 +0.485 +0.489 +0.495 +0.500 +0.505 +0.508 +0.512 +0.513 +0.513 +0.512 +0.511 +0.508 +0.504 +0.501 +0.499 +0.497 +0.494 +0.490 +0.486 +0.480 +0.477 +0.473 +0.469 +0.465 +0.461 +0.457 +0.454 +0.451 +0.448 +0.447 +0.445 +0.444
+0.453 +0.454 +0.454 +0.454 +0.454 +0.452 +0.452 +0.451 +0.452 +0.453 +0.456 +0.457 +0.460 +0.463 +0.466 +0.469 +0.474 +0.480 +0.485 +0.490 +0.496 +0.501 +0.505 +0.509 +0.513 +0.514 +0.514 +0.513 +0.512 +0.509 +0.505 +0.502 +0.500 +0.498 +0.495 +0.492 +0.488 +0.482 +0.478 +0.475 +0.470 +0.466 +0.462 +0.458 +0.455 +0.452 +0.448 +0.445 +0.444 +0.443
+0.452 +0.452 +0.452 +0.452 +0.450 +0.450 +0.449 +0.449 +0.450 +0.452 +0.455 +0.457 +0.459 +0.462 +0.466 +0.470 +0.475 +0.481 +0.486 +0.491 +0.497 +0.502 +0.506 +0.510 +0.513 +0.515 +0.514 +0.513 +0.513 +0.510 +0.506 +0.503 +0.500 +0.498 +0.496 +0.493 +0.490 +0.485 +0.479 +0.476 +0.472 +0.468 +0.464 +0.459 +0.456 +0.452 +0.449 +0.446 +0.443 +0.442
+0.450 +0.450 +0.449 +0.448 +0.447 +0.447 +0.447 +0.448 +0.449 +0.452 +0.454 +0.456 +0.459 +0.462 +0.465 +0.470 +0.477 +0.482 +0.487 +0.492 +0.498 +0.502 +0.507 +0.511 +0.514 +0.515 +0.515 +0.514 +0.513 +0.511 +0.508 +0.504 +0.501 +0.499 +0.497 +0.494 +0.491 +0.487 +0.482 +0.477 +0.473 +0.470 +0.465 +0.461 +0.457 +0.453 +0.450 +0.447 +0.444 +0.441
+0.448 +0.447 +0.446 +0.445 +0.445 +0.444 +0.445 +0.447 +0.449 +0.451 +0.453 +0.456 +0.459 +0.462 +0.466 +0.471 +0.478 +0.483 +0.488 +0.493 +0.499 +0.503 +0.507 +0.511 +0.515 +0.516 +0.516 +0.515 +0.514 +0.512 +0.509 +0.505 +0.502 +0.500 +0.498 +0.495 +0.492 +0.489 +0.484 +0.479 +0.475 +0.471 +0.467 +0.463 +0.459 +0.454 +0.451 +0.447 +0.444 +0.441
