+0.522 +0.520 +0.517 +0.514 +0.511 +0.508 +0.505 +0.501 +0.497 +0.492 +0.487 +0.483 +0.479 +0.475 +0.469 +0.465 +0.463 +0.461 +0.459 +0.458 +0.457 +0.456 +0.457 +0.459 +0.462 +0.464 +0.464 +0.465 +0.464 +0.462 +0.461 +0.460 +0.459 +0.459 +0.460 +0.462 +0.463 +0.465 +0.468 +0.473 +0.479 +0.485 +0.490 +0.495 +0.500 +0.504 +0.509 +0.513 +0.518 +0.523
+0.522 +0.521 +0.519 +0.516 +0.513 +0.510 +0.507 +0.503 +0.500 +0.495 +0.491 +0.486 +0.482 +0.478 +0.473 +0.468 +0.465 +0.463 +0.461 +0.460 +0.459 +0.458 +0.458 +0.460 +0.463 +0.465 +0.466 +0.467 +0.465 +0.463 +0.462 +0.461 +0.461 +0.461 +0.462 +0.464 +0.466 +0.468 +0.472 +0.478 +0.483 +0.489 +0.494 +0.499 +0.503 +0.508 +0.513 +0.517 +0.522 +0.526
+0.521 +0.521 +0.521 +0.518 +0.515 +0.512 +0.509 +0.506 +0.502 +0.499 +0.494 +0.489 +0.485 +0.481 +0.476 +0.471 +0.467 +0.465 +0.463 +0.462 +0.461 +0.459 +0.460 +0.462 +0.465 +0.467 +0.467 +0.468 +0.466 +0.465 +0.464 +0.463 +0.462 +0.463 +0.465 +0.466 +0.468 +0.471 +0.476 +0.482 +0.488 +0.493 +0.498 +0.503 +0.507 +0.512 +0.516 +0.521 +0.525 +0.530
+0.521 +0.520 +0.520 +0.520 +0.517 +0.514 +0.511 +0.508 +0.505 +0.501 +0.497 +0.493 +0.488 +0.484 +0.480 +0.474 +0.470 +0.468 +0.465 +0.464 +0.463 +0.461 +0.461 +0.464 +0.466 +0.468 +0.469 +0.469 +0.468 +0.466 +0.465 +0.464 +0.464 +0.465 +0.467 +0.469 +0.471 +0.475 +0.481 +0.487 +0.492 +0.497 +0.502 +0.506 +0.511 +0.515 +0.520 +0.524 +0.529 +0.534
+0.520 +0.520 +0.520 +0.519 +0.519 +0.516 +0.514 +0.511 +0.507 +0.504 +0.500 +0.496 +0.491 +0.487 +0.483 +0.478 +0.473 +0.470 +0.468 +0.466 +0.465 +0.463 +0.463 +0.465 +0.468 +0.470 +0.470 +0.471 +0.469 +0.467 +0.466 +0.466 +0.466 +0.467 +0.469 +0.471 +0.474 +0.480 +0.485 +0.491 +0.496 +0.501 +0.505 +0.510 +0.514 +0.519 +0.523 +0.528 +0.533 +0.538
+0.519 +0.519 +0.519 +0.519 +0.518 +0.518 +0.515 +0.513 +0.510 +0.506 +0.503 +0.499 +0.494 +0.490 +0.486 +0.482 +0.476 +0.472 +0.470 +0.468 +0.466 +0.465 +0.465 +0.467 +0.469 +0.471 +0.472 +0.472 +0.470 +0.469 +0.468 +0.467 +0.468 +0.470 +0.471 +0.474 +0.478 +0.484 +0.490 +0.495 +0.500 +0.504 +0.509 +0.513 +0.518 +0.522 +0.527 +0.532 +0.537 +0.542
+0.517 +0.518 +0.518 +0.518 +0.518 +0.517 +0.517 +0.514 +0.512 +0.509 +0.505 +0.502 +0.498 +0.493 +0.489 +0.485 +0.480 +0.475 +0.472 +0.470 +0.468 +0.467 +0.467 +0.468 +0.471 +0.473 +0.473 +0.473 +0.471 +0.470 +0.469 +0.469 +0.470 +0.472 +0.474 +0.477 +0.483 +0.489 +0.494 +0.499 +0.503 +0.508 +0.512 +0.517 +0.522 +0.526 +0.531 +0.536 +0.541 +0.546
+0.516 +0.516 +0.517 +0.517 +0.517 +0.517 +0.517 +0.516 +0.513 +0.511 +0.508 +0.504 +0.501 +0.496 +0.492 +0.487 +0.483 +0.478 +0.474 +0.472 +0.470 +0.470 +0.468 +0.470 +0.472 +0.474 +0.475 +0.474 +0.472 +0.471 +0.471 +0.471 +0.473 +0.474 +0.477 +0.482 +0.487 +0.493 +0.498 +0.502 +0.507 +0.512 +0.516 +0.521 +0.525 +0.530 +0.535 +0.540 +0.545 +0.549
+0.513 +0.515 +0.515 +0.516 +0.516 +0.516 +0.516 +0.516 +0.515 +0.513 +0.510 +0.507 +0.503 +0.500 +0.495 +0.490 +0.486 +0.482 +0.477 +0.475 +0.472 +0.471 +0.470 +0.471 +0.474 +0.476 +0.476 +0.475 +0.474 +0.473 +0.472 +0.473 +0.475 +0.477 +0.480 +0.486 +0.492 +0.497 +0.502 +0.506 +0.511 +0.515 +0.520 +0.524 +0.529 +0.534 +0.539 +0.544 +0.548 +0.552
+0.510 +0.512 +0.513 +0.514 +0.515 +0.515 +0.515 +0.515 +0.515 +0.514 +0.512 +0.509 +0.506 +0.502 +0.498 +0.494 +0.489 +0.485 +0.480 +0.477 +0.475 +0.473 +0.472 +0.473 +0.475 +0.477 +0.478 +0.477 +0.475 +0.474 +0.474 +0.476 +0.477 +0.480 +0.485 +0.491 +0.496 +0.501 +0.505 +0.510 +0.514 +0.519 +0.524 +0.528 +0.533 +0.538 +0.543 +0.547 +0.551 +0.556
+0.507 +0.508 +0.510 +0.512 +0.513 +0.514 +0.514 +0.514 +0.514 +0.514 +0.513 +0.511 +0.508 +0.505 +0.501 +0.497 +0.492 +0.488 +0.483 +0.479 +0.477 +0.475 +0.474 +0.474 +0.477 +0.479 +0.480 +0.478 +0.477 +0.476 +0.476 +0.478 +0.480 +0.484 +0.489 +0.495 +0.500 +0.504 +0.509 +0.513 +0.518 +0.523 +0.528 +0.533 +0.537 +0.541 +0.546 +0.550 +0.555 +0.559
+0.504 +0.505 +0.507 +0.508 +0.510 +0.512 +0.513 +0.513 +0.513 +0.513 +0.513 +0.512 +0.510 +0.507 +0.504 +0.500 +0.495 +0.491 +0.487 +0.482 +0.479 +0.477 +0.476 +0.476 +0.478 +0.480 +0.481 +0.479 +0.478 +0.477 +0.478 +0.480 +0.483 +0.488 +0.494 +0.499 +0.503 +0.508 +0.512 +0.517 +0.522 +0.527 +0.532 +0.536 +0.540 +0.545 +0.549 +0.554 +0.558 +0.562
+0.501 +0.502 +0.504 +0.505 +0.507 +0.509 +0.510 +0.512 +0.512 +0.512 +0.512 +0.512 +0.511 +0.509 +0.506 +0.503 +0.499 +0.494 +0.490 +0.485 +0.481 +0.479 +0.478 +0.477 +0.480 +0.482 +0.482 +0.480 +0.479 +0.479 +0.481 +0.482 +0.487 +0.493 +0.498 +0.502 +0.507 +0.512 +0.516 +0.521 +0.526 +0.531 +0.535 +0.539 +0.544 +0.548 +0.553 +0.557 +0.560 +0.563
+0.499 +0.500 +0.501 +0.502 +0.504 +0.505 +0.507 +0.509 +0.510 +0.511 +0.511 +0.511 +0.511 +0.510 +0.508 +0.505 +0.501 +0.497 +0.493 +0.489 +0.484 +0.482 +0.480 +0.479 +0.481 +0.483 +0.483 +0.482 +0.481 +0.481 +0.483 +0.486 +0.491 +0.497 +0.502 +0.506 +0.511 +0.515 +0.520 +0.525 +0.530 +0.534 +0.538 +0.543 +0.547 +0.551 +0.555 +0.557 +0.559 +0.561
+0.497 +0.498 +0.499 +0.500 +0.501 +0.502 +0.504 +0.505 +0.507 +0.509 +0.510 +0.510 +0.510 +0.510 +0.510 +0.507 +0.504 +0.500 +0.496 +0.492 +0.487 +0.484 +0.482 +0.481 +0.483 +0.485 +0.485 +0.483 +0.482 +0.484 +0.485 +0.490 +0.496 +0.501 +0.505 +0.510 +0.514 +0.519 +0.524 +0.529 +0.533 +0.537 +0.542 +0.546 +0.550 +0.552 +0.554 +0.556 +0.558 +0.559
+0.494 +0.496 +0.497 +0.498 +0.499 +0.500 +0.501 +0.502 +0.504 +0.505 +0.507 +0.508 +0.509 +0.509 +0.509 +0.509 +0.506 +0.503 +0.499 +0.495 +0.490 +0.486 +0.484 +0.483 +0.484 +0.486 +0.486 +0.484 +0.484 +0.486 +0.489 +0.495 +0.500 +0.504 +0.509 +0.513 +0.518 +0.523 +0.528 +0.532 +0.536 +0.541 +0.545 +0.547 +0.549 +0.551 +0.553 +0.554 +0.556 +0.557
+0.491 +0.493 +0.494 +0.495 +0.497 +0.498 +0.499 +0.500 +0.501 +0.502 +0.504 +0.505 +0.507 +0.508 +0.508 +0.508 +0.508 +0.505 +0.502 +0.498 +0.493 +0.489 +0.486 +0.485 +0.486 +0.488 +0.487 +0.486 +0.486 +0.488 +0.493 +0.499 +0.503 +0.508 +0.512 +0.517 +0.522 +0.526 +0.531 +0.535 +0.539 +0.542 +0.544 +0.546 +0.548 +0.549 +0.551 +0.552 +0.554 +0.555
+0.488 +0.489 +0.491 +0.493 +0.494 +0.495 +0.497 +0.498 +0.499 +0.500 +0.501 +0.502 +0.504 +0.505 +0.507 +0.507 +0.507 +0.507 +0.504 +0.501 +0.496 +0.492 +0.488 +0.487 +0.487 +0.489 +0.488 +0.487 +0.489 +0.492 +0.498 +0.502 +0.507 +0.512 +0.517 +0.521 +0.525 +0.530 +0.534 +0.537 +0.539 +0.541 +0.543 +0.544 +0.546 +0.547 +0.548 +0.550 +0.552 +0.553
+0.482 +0.485 +0.487 +0.489 +0.491 +0.492 +0.494 +0.495 +0.496 +0.498 +0.499 +0.500 +0.501 +0.502 +0.504 +0.505 +0.506 +0.506 +0.506 +0.503 +0.500 +0.495 +0.491 +0.489 +0.489 +0.491 +0.490 +0.489 +0.491 +0.497 +0.501 +0.506 +0.511 +0.516 +0.520 +0.524 +0.529 +0.532 +0.534 +0.536 +0.537 +0.539 +0.540 +0.542 +0.543 +0.545 +0.547 +0.548 +0.550 +0.551
+0.478 +0.480 +0.481 +0.483 +0.486 +0.488 +0.490 +0.492 +0.493 +0.495 +0.496 +0.498 +0.499 +0.500 +0.501 +0.502 +0.504 +0.505 +0.505 +0.505 +0.502 +0.498 +0.494 +0.491 +0.490 +0.492 +0.491 +0.492 +0.495 +0.501 +0.505 +0.510 +0.515 +0.519 +0.523 +0.527 +0.529 +0.531 +0.532 +0.534 +0.535 +0.537 +0.538 +0.540 +0.541 +0.543 +0.544 +0.546 +0.548 +0.550
+0.474 +0.476 +0.478 +0.480 +0.481 +0.483 +0.485 +0.486 +0.489 +0.491 +0.493 +0.495 +0.496 +0.497 +0.499 +0.500 +0.501 +0.502 +0.504 +0.504 +0.504 +0.501 +0.497 +0.493 +0.492 +0.494 +0.492 +0.494 +0.500 +0.504 +0.509 +0.513 +0.518 +0.522 +0.524 +0.526 +0.527 +0.529 +0.530 +0.532 +0.533 +0.535 +0.536 +0.538 +0.540 +0.541 +0.543 +0.544 +0.545 +0.547
+0.470 +0.472 +0.474 +0.476 +0.478 +0.479 +0.481 +0.483 +0.484 +0.486 +0.488 +0.490 +0.492 +0.494 +0.496 +0.497 +0.499 +0.500 +0.501 +0.502 +0.503 +0.503 +0.500 +0.496 +0.494 +0.495 +0.495 +0.499 +0.503 +0.508 +0.512 +0.517 +0.519 +0.520 +0.522 +0.523 +0.525 +0.527 +0.528 +0.530 +0.531 +0.533 +0.534 +0.536 +0.537 +0.538 +0.539 +0.541 +0.543 +0.545
+0.466 +0.468 +0.470 +0.472 +0.473 +0.475 +0.477 +0.479 +0.481 +0.482 +0.484 +0.486 +0.488 +0.489 +0.491 +0.493 +0.495 +0.497 +0.498 +0.500 +0.501 +0.502 +0.502 +0.499 +0.496 +0.496 +0.497 +0.502 +0.507 +0.511 +0.514 +0.515 +0.517 +0.518 +0.520 +0.521 +0.523 +0.525 +0.526 +0.527 +0.528 +0.530 +0.532 +0.534 +0.536 +0.538 +0.539 +0.541 +0.543 +0.545
+0.463 +0.464 +0.466 +0.468 +0.469 +0.471 +0.473 +0.475 +0.476 +0.478 +0.480 +0.482 +0.484 +0.485 +0.487 +0.489 +0.491 +0.493 +0.494 +0.496 +0.498 +0.500 +0.501 +0.501 +0.498 +0.497 +0.501 +0.506 +0.509 +0.510 +0.512 +0.513 +0.515 +0.516 +0.517 +0.519 +0.521 +0.523 +0.525 +0.527 +0.529 +0.531 +0.532 +0.534 +0.536 +0.538 +0.540 +0.542 +0.544 +0.546
+0.460 +0.461 +0.463 +0.465 +0.467 +0.468 +0.470 +0.472 +0.473 +0.475 +0.477 +0.478 +0.480 +0.482 +0.483 +0.485 +0.487 +0.489 +0.490 +0.492 +0.494 +0.496 +0.498 +0.499 +0.500 +0.500 +0.503 +0.505 +0.506 +0.508 +0.510 +0.512 +0.514 +0.516 +0.518 +0.520 +0.522 +0.524 +0.526 +0.528 +0.529 +0.531 +0.533 +0.535 +0.537 +0.539 +0.541 +0.543 +0.545 +0.547
+0.457 +0.459 +0.460 +0.462 +0.464 +0.466 +0.467 +0.469 +0.471 +0.473 +0.474 +0.476 +0.478 +0.480 +0.481 +0.483 +0.485 +0.487 +0.489 +0.490 +0.492 +0.494 +0.496 +0.497 +0.498 +0.501 +0.504 +0.506 +0.508 +0.510 +0.512 +0.514 +0.516 +0.517 +0.519 +0.521 +0.523 +0.525 +0.527 +0.529 +0.531 +0.533 +0.535 +0.537 +0.539 +0.541 +0.543 +0.544 +0.546 +0.548
+0.457 +0.459 +0.460 +0.462 +0.464 +0.466 +0.467 +0.469 +0.471 +0.473 +0.475 +0.476 +0.478 +0.480 +0.482 +0.484 +0.485 +0.487 +0.489 +0.491 +0.492 +0.493 +0.494 +0.494 +0.496 +0.499 +0.503 +0.506 +0.509 +0.512 +0.514 +0.516 +0.518 +0.520 +0.522 +0.524 +0.525 +0.527 +0.529 +0.531 +0.533 +0.535 +0.537 +0.539 +0.541 +0.543 +0.545 +0.547 +0.548 +0.550
+0.457 +0.459 +0.461 +0.462 +0.464 +0.466 +0.468 +0.470 +0.472 +0.473 +0.475 +0.477 +0.479 +0.481 +0.482 +0.484 +0.486 +0.487 +0.488 +0.489 +0.489 +0.490 +0.490 +0.491 +0.495 +0.498 +0.500 +0.504 +0.508 +0.512 +0.515 +0.517 +0.520 +0.522 +0.524 +0.526 +0.527 +0.529 +0.531 +0.533 +0.535 +0.537 +0.539 +0.541 +0.543 +0.545 +0.547 +0.549 +0.551 +0.552
+0.458 +0.460 +0.462 +0.463 +0.465 +0.467 +0.468 +0.470 +0.472 +0.474 +0.476 +0.477 +0.479 +0.481 +0.482 +0.483 +0.484 +0.484 +0.485 +0.485 +0.486 +0.486 +0.487 +0.489 +0.494 +0.497 +0.497 +0.502 +0.506 +0.510 +0.513 +0.517 +0.520 +0.523 +0.525 +0.527 +0.530 +0.532 +0.534 +0.535 +0.537 +0.539 +0.541 +0.543 +0.545 +0.547 +0.549 +0.551 +0.553 +0.555
+0.458 +0.460 +0.462 +0.464 +0.465 +0.467 +0.469 +0.471 +0.472 +0.474 +0.476 +0.477 +0.478 +0.479 +0.479 +0.480 +0.480 +0.481 +0.481 +0.482 +0.482 +0.483 +0.484 +0.487 +0.492 +0.496 +0.496 +0.499 +0.504 +0.508 +0.511 +0.515 +0.519 +0.522 +0.526 +0.528 +0.531 +0.533 +0.535 +0.537 +0.540 +0.542 +0.543 +0.545 +0.547 +0.549 +0.551 +0.553 +0.555 +0.557
+0.459 +0.461 +0.462 +0.464 +0.466 +0.467 +0.469 +0.471 +0.472 +0.473 +0.474 +0.474 +0.475 +0.475 +0.476 +0.476 +0.477 +0.477 +0.478 +0.479 +0.479 +0.479 +0.482 +0.487 +0.491 +0.495 +0.495 +0.496 +0.501 +0.505 +0.509 +0.513 +0.517 +0.521 +0.524 +0.528 +0.531 +0.534 +0.536 +0.539 +0.541 +0.543 +0.545 +0.547 +0.549 +0.551 +0.553 +0.555 +0.557 +0.559
+0.459 +0.461 +0.462 +0.464 +0.466 +0.467 +0.468 +0.469 +0.469 +0.470 +0.470 +0.471 +0.472 +0.472 +0.472 +0.473 +0.473 +0.474 +0.475 +0.475 +0.475 +0.477 +0.480 +0.486 +0.490 +0.494 +0.495 +0.494 +0.498 +0.503 +0.507 +0.511 +0.514 +0.518 +0.522 +0.526 +0.529 +0.533 +0.536 +0.539 +0.542 +0.544 +0.546 +0.549 +0.551 +0.553 +0.555 +0.557 +0.559 +0.561
+0.459 +0.461 +0.462 +0.463 +0.464 +0.464 +0.465 +0.466 +0.466 +0.466 +0.467 +0.468 +0.468 +0.468 +0.469 +0.469 +0.470 +0.471 +0.471 +0.471 +0.472 +0.475 +0.479 +0.484 +0.488 +0.492 +0.494 +0.493 +0.496 +0.500 +0.504 +0.509 +0.513 +0.516 +0.520 +0.524 +0.528 +0.531 +0.535 +0.538 +0.542 +0.544 +0.547 +0.549 +0.552 +0.554 +0.556 +0.559 +0.561 +0.563
+0.458 +0.459 +0.459 +0.460 +0.461 +0.461 +0.462 +0.462 +0.463 +0.463 +0.464 +0.464 +0.464 +0.465 +0.465 +0.466 +0.467 +0.468 +0.468 +0.468 +0.470 +0.474 +0.478 +0.483 +0.487 +0.491 +0.493 +0.492 +0.493 +0.497 +0.501 +0.506 +0.511 +0.515 +0.518 +0.521 +0.526 +0.529 +0.533 +0.536 +0.540 +0.544 +0.547 +0.550 +0.552 +0.555 +0.557 +0.560 +0.562 +0.564
+0.455 +0.456 +0.456 +0.457 +0.457 +0.457 +0.458 +0.459 +0.459 +0.459 +0.460 +0.460 +0.461 +0.462 +0.462 +0.463 +0.464 +0.464 +0.464 +0.465 +0.468 +0.472 +0.477 +0.482 +0.486 +0.490 +0.492 +0.492 +0.491 +0.495 +0.498 +0.503 +0.508 +0.513 +0.516 +0.520 +0.523 +0.527 +0.531 +0.535 +0.538 +0.542 +0.545 +0.549 +0.552 +0.555 +0.558 +0.560 +0.563 +0.565
+0.452 +0.452 +0.453 +0.453 +0.454 +0.455 +0.455 +0.455 +0.455 +0.456 +0.456 +0.457 +0.458 +0.458 +0.459 +0.460 +0.460 +0.460 +0.460 +0.463 +0.467 +0.471 +0.476 +0.481 +0.484 +0.488 +0.491 +0.491 +0.490 +0.492 +0.496 +0.500 +0.505 +0.510 +0.514 +0.518 +0.521 +0.524 +0.529 +0.533 +0.537 +0.540 +0.543 +0.547 +0.551 +0.554 +0.557 +0.560 +0.563 +0.566
+0.448 +0.449 +0.449 +0.450 +0.451 +0.451 +0.451 +0.451 +0.452 +0.453 +0.453 +0.454 +0.454 +0.455 +0.456 +0.456 +0.456 +0.456 +0.458 +0.462 +0.465 +0.470 +0.475 +0.480 +0.483 +0.487 +0.490 +0.491 +0.490 +0.490 +0.494 +0.498 +0.502 +0.507 +0.512 +0.516 +0.520 +0.523 +0.526 +0.530 +0.535 +0.538 +0.542 +0.545 +0.549 +0.552 +0.556 +0.559 +0.563 +0.566
+0.445 +0.446 +0.446 +0.446 +0.447 +0.447 +0.448 +0.448 +0.449 +0.449 +0.450 +0.451 +0.451 +0.452 +0.452 +0.453 +0.453 +0.453 +0.456 +0.460 +0.464 +0.469 +0.474 +0.478 +0.481 +0.485 +0.489 +0.490 +0.489 +0.489 +0.491 +0.495 +0.499 +0.504 +0.509 +0.514 +0.518 +0.522 +0.525 +0.528 +0.531 +0.536 +0.540 +0.544 +0.547 +0.551 +0.554 +0.557 +0.561 +0.565
+0.442 +0.442 +0.442 +0.442 +0.443 +0.444 +0.444 +0.445 +0.445 +0.446 +0.447 +0.448 +0.448 +0.449 +0.449 +0.449 +0.449 +0.451 +0.455 +0.458 +0.462 +0.468 +0.473 +0.477 +0.480 +0.484 +0.488 +0.489 +0.488 +0.488 +0.489 +0.493 +0.497 +0.501 +0.506 +0.511 +0.515 +0.519 +0.523 +0.526 +0.529 +0.533 +0.537 +0.542 +0.546 +0.549 +0.553 +0.556 +0.559 +0.563
+0.438 +0.438 +0.439 +0.439 +0.440 +0.440 +0.441 +0.442 +0.442 +0.443 +0.444 +0.445 +0.445 +0.445 +0.445 +0.445 +0.446 +0.450 +0.453 +0.457 +0.461 +0.467 +0.471 +0.476 +0.479 +0.483 +0.487 +0.488 +0.488 +0.487 +0.487 +0.490 +0.494 +0.498 +0.503 +0.508 +0.513 +0.517 +0.521 +0.525 +0.528 +0.531 +0.534 +0.539 +0.543 +0.547 +0.551 +0.554 +0.558 +0.561
+0.434 +0.435 +0.435 +0.436 +0.436 +0.437 +0.438 +0.438 +0.439 +0.440 +0.441 +0.441 +0.441 +0.441 +0.441 +0.442 +0.444 +0.448 +0.452 +0.455 +0.461 +0.466 +0.470 +0.475 +0.477 +0.481 +0.486 +0.487 +0.487 +0.486 +0.486 +0.488 +0.492 +0.496 +0.500 +0.505 +0.510 +0.514 +0.519 +0.523 +0.527 +0.530 +0.533 +0.536 +0.540 +0.545 +0.549 +0.553 +0.556 +0.560
+0.431 +0.431 +0.432 +0.433 +0.433 +0.434 +0.435 +0.435 +0.436 +0.437 +0.437 +0.437 +0.438 +0.438 +0.438 +0.439 +0.443 +0.446 +0.450 +0.454 +0.460 +0.465 +0.469 +0.473 +0.476 +0.480 +0.485 +0.486 +0.486 +0.485 +0.485 +0.486 +0.489 +0.493 +0.497 +0.502 +0.507 +0.512 +0.516 +0.521 +0.524 +0.528 +0.532 +0.535 +0.538 +0.542 +0.546 +0.550 +0.554 +0.558
+0.427 +0.428 +0.429 +0.429 +0.430 +0.431 +0.431 +0.432 +0.433 +0.434 +0.434 +0.434 +0.434 +0.434 +0.435 +0.437 +0.441 +0.445 +0.448 +0.453 +0.459 +0.464 +0.468 +0.472 +0.475 +0.479 +0.483 +0.485 +0.486 +0.485 +0.484 +0.484 +0.487 +0.491 +0.495 +0.499 +0.504 +0.509 +0.513 +0.518 +0.523 +0.526 +0.530 +0.533 +0.536 +0.539 +0.543 +0.548 +0.552 +0.556
+0.424 +0.425 +0.426 +0.426 +0.427 +0.427 +0.428 +0.429 +0.430 +0.430 +0.430 +0.430 +0.430 +0.430 +0.432 +0.436 +0.440 +0.443 +0.447 +0.452 +0.458 +0.462 +0.467 +0.471 +0.473 +0.477 +0.482 +0.484 +0.485 +0.484 +0.483 +0.483 +0.485 +0.488 +0.492 +0.496 +0.501 +0.506 +0.511 +0.515 +0.520 +0.524 +0.528 +0.532 +0.535 +0.538 +0.541 +0.544 +0.549 +0.554
+0.421 +0.422 +0.422 +0.423 +0.424 +0.425 +0.426 +0.426 +0.426 +0.426 +0.426 +0.426 +0.427 +0.428 +0.431 +0.434 +0.438 +0.442 +0.446 +0.451 +0.457 +0.461 +0.466 +0.469 +0.472 +0.476 +0.481 +0.483 +0.484 +0.484 +0.483 +0.482 +0.483 +0.486 +0.490 +0.494 +0.498 +0.503 +0.508 +0.512 +0.517 +0.522 +0.526 +0.530 +0.534 +0.537 +0.540 +0.543 +0.546 +0.550
+0.418 +0.419 +0.419 +0.420 +0.421 +0.422 +0.422 +0.422 +0.423 +0.423 +0.423 +0.423 +0.423 +0.425 +0.429 +0.433 +0.436 +0.440 +0.445 +0.451 +0.456 +0.460 +0.464 +0.468 +0.470 +0.474 +0.480 +0.482 +0.483 +0.483 +0.482 +0.481 +0.481 +0.484 +0.488 +0.491 +0.495 +0.500 +0.505 +0.509 +0.514 +0.519 +0.524 +0.528 +0.531 +0.535 +0.539 +0.542 +0.545 +0.548
+0.415 +0.415 +0.416 +0.417 +0.418 +0.419 +0.419 +0.419 +0.419 +0.419 +0.419 +0.419 +0.421 +0.424 +0.428 +0.431 +0.435 +0.439 +0.444 +0.450 +0.455 +0.459 +0.463 +0.467 +0.469 +0.473 +0.478 +0.481 +0.482 +0.482 +0.481 +0.481 +0.480 +0.482 +0.485 +0.489 +0.493 +0.497 +0.502 +0.506 +0.511 +0.516 +0.521 +0.525 +0.530 +0.533 +0.537 +0.540 +0.543 +0.546
+0.412 +0.412 +0.413 +0.414 +0.415 +0.415 +0.415 +0.415 +0.415 +0.415 +0.415 +0.416 +0.419 +0.423 +0.426 +0.430 +0.433 +0.438 +0.443 +0.449 +0.453 +0.457 +0.462 +0.465 +0.468 +0.472 +0.477 +0.480 +0.481 +0.482 +0.481 +0.480 +0.480 +0.480 +0.483 +0.487 +0.490 +0.494 +0.499 +0.503 +0.508 +0.513 +0.518 +0.522 +0.527 +0.531 +0.535 +0.539 +0.542 +0.545
+0.408 +0.409 +0.410 +0.411 +0.411 +0.411 +0.411 +0.412 +0.412 +0.412 +0.412 +0.414 +0.417 +0.421 +0.425 +0.428 +0.432 +0.437 +0.442 +0.448 +0.452 +0.456 +0.461 +0.464 +0.466 +0.470 +0.475 +0.479 +0.480 +0.481 +0.480 +0.479 +0.479 +0.479 +0.481 +0.484 +0.488 +0.492 +0.496 +0.501 +0.505 +0.510 +0.515 +0.520 +0.524 +0.529 +0.533 +0.536 +0.540 +0.544
+0.406 +0.407 +0.407 +0.408 +0.408 +0.408 +0.408 +0.408 +0.408 +0.408 +0.409 +0.412 +0.416 +0.419 +0.423 +0.427 +0.431 +0.436 +0.441 +0.447 +0.451 +0.455 +0.460 +0.462 +0.465 +0.469 +0.474 +0.477 +0.479 +0.480 +0.480 +0.478 +0.478 +0.478 +0.479 +0.482 +0.486 +0.490 +0.493 +0.498 +0.502 +0.507 +0.512 +0.517 +0.522 +0.526 +0.531 +0.535 +0.538 +0.542
