+0.489 +0.489 +0.489 +0.489 +0.489 +0.491 +0.494 +0.497 +0.499 +0.502 +0.505 +0.508 +0.512 +0.516 +0.519 +0.523 +0.526 +0.529 +0.534 +0.538 +0.543 +0.548 +0.552 +0.557 +0.562 +0.565 +0.568 +0.571 +0.573 +0.576 +0.579 +0.581 +0.584 +0.584 +0.584 +0.587 +0.589 +0.590 +0.591 +0.588 +0.585 +0.582 +0.579 +0.577 +0.574 +0.571 +0.569 +0.566 +0.563 +0.560
+0.489 +0.489 +0.489 +0.489 +0.490 +0.493 +0.495 +0.498 +0.501 +0.504 +0.507 +0.511 +0.515 +0.518 +0.522 +0.525 +0.529 +0.534 +0.538 +0.543 +0.548 +0.552 +0.557 +0.562 +0.566 +0.570 +0.573 +0.575 +0.578 +0.580 +0.584 +0.587 +0.590 +0.591 +0.590 +0.590 +0.592 +0.595 +0.595 +0.592 +0.589 +0.586 +0.585 +0.583 +0.581 +0.578 +0.575 +0.572 +0.569 +0.566
+0.489 +0.489 +0.489 +0.489 +0.492 +0.494 +0.497 +0.500 +0.503 +0.506 +0.510 +0.514 +0.517 +0.521 +0.524 +0.528 +0.534 +0.538 +0.543 +0.548 +0.552 +0.557 +0.562 +0.566 +0.571 +0.575 +0.577 +0.580 +0.583 +0.587 +0.591 +0.594 +0.596 +0.597 +0.597 +0.597 +0.598 +0.600 +0.599 +0.597 +0.595 +0.594 +0.593 +0.590 +0.587 +0.584 +0.581 +0.578 +0.576 +0.573
+0.489 +0.489 +0.489 +0.490 +0.493 +0.496 +0.498 +0.501 +0.505 +0.509 +0.512 +0.516 +0.520 +0.523 +0.527 +0.532 +0.538 +0.543 +0.548 +0.552 +0.557 +0.562 +0.566 +0.571 +0.576 +0.579 +0.583 +0.587 +0.590 +0.594 +0.598 +0.600 +0.603 +0.604 +0.603 +0.603 +0.606 +0.607 +0.606 +0.604 +0.602 +0.603 +0.602 +0.599 +0.596 +0.593 +0.590 +0.587 +0.585 +0.582
+0.489 +0.489 +0.489 +0.491 +0.494 +0.497 +0.500 +0.504 +0.508 +0.511 +0.515 +0.519 +0.522 +0.526 +0.531 +0.537 +0.543 +0.548 +0.552 +0.557 +0.562 +0.566 +0.571 +0.576 +0.581 +0.586 +0.590 +0.594 +0.597 +0.601 +0.604 +0.607 +0.609 +0.610 +0.610 +0.610 +0.614 +0.614 +0.613 +0.611 +0.613 +0.614 +0.611 +0.608 +0.605 +0.602 +0.599 +0.596 +0.594 +0.590
+0.489 +0.489 +0.489 +0.492 +0.495 +0.499 +0.503 +0.507 +0.510 +0.514 +0.518 +0.521 +0.525 +0.530 +0.536 +0.541 +0.547 +0.552 +0.557 +0.562 +0.566 +0.571 +0.576 +0.581 +0.588 +0.593 +0.597 +0.601 +0.604 +0.608 +0.611 +0.613 +0.615 +0.617 +0.616 +0.619 +0.621 +0.621 +0.620 +0.624 +0.625 +0.623 +0.620 +0.617 +0.614 +0.612 +0.609 +0.606 +0.603 +0.599
+0.489 +0.489 +0.490 +0.494 +0.498 +0.502 +0.505 +0.509 +0.513 +0.517 +0.520 +0.524 +0.528 +0.534 +0.540 +0.546 +0.551 +0.557 +0.562 +0.566 +0.571 +0.576 +0.582 +0.589 +0.596 +0.600 +0.604 +0.608 +0.611 +0.615 +0.617 +0.619 +0.622 +0.624 +0.623 +0.626 +0.628 +0.629 +0.633 +0.636 +0.635 +0.632 +0.630 +0.627 +0.624 +0.621 +0.618 +0.616 +0.613 +0.608
+0.489 +0.489 +0.492 +0.496 +0.500 +0.504 +0.508 +0.512 +0.515 +0.519 +0.523 +0.526 +0.532 +0.538 +0.544 +0.550 +0.556 +0.561 +0.566 +0.571 +0.576 +0.582 +0.589 +0.596 +0.603 +0.607 +0.611 +0.615 +0.618 +0.621 +0.624 +0.626 +0.628 +0.631 +0.632 +0.634 +0.636 +0.641 +0.647 +0.648 +0.645 +0.642 +0.639 +0.637 +0.634 +0.631 +0.628 +0.625 +0.622 +0.617
+0.489 +0.489 +0.493 +0.498 +0.502 +0.506 +0.510 +0.514 +0.518 +0.522 +0.525 +0.530 +0.536 +0.542 +0.549 +0.555 +0.560 +0.566 +0.571 +0.576 +0.582 +0.589 +0.596 +0.603 +0.610 +0.614 +0.618 +0.622 +0.625 +0.628 +0.630 +0.633 +0.636 +0.639 +0.640 +0.642 +0.649 +0.654 +0.658 +0.657 +0.655 +0.652 +0.649 +0.646 +0.644 +0.641 +0.638 +0.636 +0.631 +0.626
+0.489 +0.489 +0.494 +0.499 +0.503 +0.508 +0.513 +0.517 +0.520 +0.524 +0.528 +0.534 +0.540 +0.547 +0.553 +0.559 +0.565 +0.570 +0.576 +0.582 +0.589 +0.596 +0.603 +0.610 +0.617 +0.621 +0.625 +0.629 +0.632 +0.635 +0.638 +0.641 +0.644 +0.648 +0.651 +0.658 +0.661 +0.666 +0.667 +0.666 +0.664 +0.663 +0.660 +0.658 +0.655 +0.652 +0.649 +0.646 +0.641 +0.637
+0.489 +0.490 +0.495 +0.500 +0.504 +0.509 +0.513 +0.518 +0.523 +0.527 +0.532 +0.538 +0.544 +0.551 +0.557 +0.563 +0.569 +0.575 +0.582 +0.589 +0.597 +0.604 +0.611 +0.618 +0.624 +0.630 +0.635 +0.640 +0.642 +0.644 +0.647 +0.651 +0.655 +0.659 +0.665 +0.671 +0.673 +0.677 +0.676 +0.674 +0.673 +0.672 +0.670 +0.669 +0.666 +0.663 +0.661 +0.657 +0.652 +0.647
+0.489 +0.490 +0.495 +0.500 +0.505 +0.510 +0.514 +0.519 +0.524 +0.528 +0.535 +0.542 +0.549 +0.555 +0.561 +0.568 +0.573 +0.580 +0.589 +0.597 +0.604 +0.611 +0.619 +0.626 +0.634 +0.642 +0.648 +0.652 +0.654 +0.655 +0.657 +0.661 +0.667 +0.673 +0.679 +0.682 +0.686 +0.686 +0.685 +0.683 +0.682 +0.680 +0.679 +0.678 +0.676 +0.675 +0.672 +0.667 +0.662 +0.657
+0.489 +0.490 +0.495 +0.500 +0.505 +0.511 +0.515 +0.520 +0.525 +0.530 +0.538 +0.545 +0.553 +0.559 +0.565 +0.572 +0.578 +0.587 +0.596 +0.605 +0.612 +0.620 +0.628 +0.638 +0.647 +0.655 +0.662 +0.664 +0.666 +0.668 +0.673 +0.678 +0.682 +0.688 +0.690 +0.692 +0.696 +0.695 +0.693 +0.692 +0.690 +0.689 +0.688 +0.686 +0.685 +0.684 +0.682 +0.678 +0.673 +0.667
+0.489 +0.490 +0.495 +0.500 +0.505 +0.511 +0.516 +0.521 +0.526 +0.533 +0.540 +0.548 +0.555 +0.563 +0.570 +0.576 +0.585 +0.594 +0.604 +0.613 +0.621 +0.629 +0.640 +0.651 +0.660 +0.668 +0.675 +0.677 +0.681 +0.687 +0.691 +0.695 +0.698 +0.699 +0.703 +0.706 +0.706 +0.703 +0.702 +0.700 +0.699 +0.698 +0.696 +0.696 +0.695 +0.695 +0.693 +0.690 +0.686 +0.681
+0.489 +0.490 +0.495 +0.500 +0.506 +0.511 +0.516 +0.522 +0.527 +0.535 +0.543 +0.550 +0.558 +0.565 +0.573 +0.581 +0.592 +0.602 +0.612 +0.621 +0.631 +0.642 +0.654 +0.665 +0.674 +0.682 +0.690 +0.695 +0.700 +0.705 +0.709 +0.710 +0.712 +0.711 +0.713 +0.717 +0.716 +0.715 +0.712 +0.710 +0.710 +0.709 +0.709 +0.708 +0.708 +0.707 +0.704 +0.700 +0.696 +0.693
+0.489 +0.490 +0.495 +0.500 +0.506 +0.511 +0.516 +0.522 +0.529 +0.537 +0.545 +0.553 +0.560 +0.568 +0.576 +0.587 +0.598 +0.610 +0.620 +0.630 +0.644 +0.656 +0.667 +0.679 +0.688 +0.702 +0.708 +0.714 +0.718 +0.722 +0.724 +0.724 +0.724 +0.724 +0.729 +0.730 +0.729 +0.729 +0.728 +0.726 +0.724 +0.722 +0.721 +0.721 +0.721 +0.718 +0.714 +0.711 +0.707 +0.703
+0.489 +0.490 +0.495 +0.500 +0.506 +0.511 +0.516 +0.522 +0.530 +0.539 +0.547 +0.555 +0.563 +0.570 +0.579 +0.592 +0.604 +0.616 +0.626 +0.641 +0.658 +0.669 +0.682 +0.695 +0.710 +0.721 +0.729 +0.739 +0.745 +0.749 +0.748 +0.747 +0.747 +0.745 +0.751 +0.751 +0.750 +0.750 +0.749 +0.747 +0.745 +0.742 +0.740 +0.736 +0.734 +0.731 +0.727 +0.723 +0.719 +0.716
+0.489 +0.490 +0.495 +0.500 +0.506 +0.511 +0.516 +0.522 +0.531 +0.540 +0.549 +0.557 +0.565 +0.574 +0.584 +0.597 +0.610 +0.622 +0.636 +0.655 +0.673 +0.688 +0.702 +0.723 +0.737 +0.753 +0.764 +0.778 +0.778 +0.777 +0.775 +0.775 +0.773 +0.770 +0.772 +0.772 +0.771 +0.771 +0.770 +0.770 +0.768 +0.765 +0.761 +0.756 +0.752 +0.748 +0.744 +0.740 +0.736 +0.732
+0.489 +0.490 +0.495 +0.501 +0.506 +0.511 +0.517 +0.523 +0.532 +0.541 +0.550 +0.558 +0.568 +0.577 +0.589 +0.602 +0.616 +0.631 +0.651 +0.670 +0.692 +0.709 +0.734 +0.763 +0.777 +0.793 +0.809 +0.812 +0.810 +0.809 +0.808 +0.807 +0.801 +0.802 +0.797 +0.794 +0.793 +0.792 +0.792 +0.791 +0.791 +0.786 +0.781 +0.775 +0.769 +0.765 +0.761 +0.757 +0.753 +0.749
+0.489 +0.490 +0.495 +0.501 +0.506 +0.511 +0.517 +0.524 +0.533 +0.542 +0.550 +0.560 +0.570 +0.580 +0.594 +0.609 +0.624 +0.641 +0.666 +0.688 +0.711 +0.737 +0.769 +0.800 +0.823 +0.848 +0.851 +0.852 +0.851 +0.851 +0.851 +0.849 +0.842 +0.840 +0.835 +0.830 +0.825 +0.823 +0.821 +0.819 +0.815 +0.809 +0.803 +0.797 +0.787 +0.783 +0.779 +0.775 +0.771 +0.767
+0.489 +0.491 +0.496 +0.501 +0.506 +0.512 +0.517 +0.525 +0.534 +0.542 +0.552 +0.561 +0.571 +0.582 +0.598 +0.614 +0.629 +0.648 +0.673 +0.703 +0.726 +0.768 +0.801 +0.844 +0.873 +0.882 +0.886 +0.886 +0.884 +0.882 +0.879 +0.877 +0.874 +0.869 +0.864 +0.858 +0.853 +0.850 +0.847 +0.842 +0.837 +0.832 +0.826 +0.818 +0.803 +0.797 +0.793 +0.789 +0.786 +0.782
+0.490 +0.491 +0.496 +0.501 +0.506 +0.512 +0.517 +0.526 +0.534 +0.543 +0.553 +0.563 +0.572 +0.584 +0.600 +0.617 +0.635 +0.654 +0.680 +0.714 +0.749 +0.794 +0.849 +0.889 +0.918 +0.924 +0.930 +0.930 +0.926 +0.924 +0.920 +0.915 +0.908 +0.897 +0.892 +0.887 +0.882 +0.875 +0.870 +0.865 +0.860 +0.853 +0.847 +0.836 +0.821 +0.809 +0.803 +0.797 +0.791 +0.783
+0.490 +0.492 +0.496 +0.501 +0.507 +0.512 +0.518 +0.526 +0.535 +0.545 +0.555 +0.564 +0.574 +0.586 +0.603 +0.620 +0.638 +0.660 +0.687 +0.725 +0.772 +0.828 +0.906 +0.956 +0.963 +0.969 +0.976 +0.978 +0.972 +0.969 +0.967 +0.961 +0.956 +0.933 +0.920 +0.915 +0.907 +0.898 +0.891 +0.882 +0.873 +0.863 +0.853 +0.835 +0.817 +0.806 +0.799 +0.793 +0.787 +0.779
+0.490 +0.492 +0.496 +0.502 +0.507 +0.512 +0.518 +0.527 +0.537 +0.546 +0.556 +0.566 +0.576 +0.589 +0.606 +0.623 +0.642 +0.663 +0.694 +0.737 +0.792 +0.874 +0.979 +0.997 +0.997 +0.997 +0.997 +0.997 +0.997 +0.996 +0.996 +0.996 +0.995 +0.966 +0.935 +0.922 +0.909 +0.896 +0.887 +0.879 +0.870 +0.859 +0.846 +0.828 +0.812 +0.804 +0.797 +0.791 +0.784 +0.775
+0.490 +0.492 +0.496 +0.502 +0.507 +0.512 +0.519 +0.528 +0.538 +0.548 +0.557 +0.567 +0.578 +0.592 +0.609 +0.626 +0.645 +0.665 +0.694 +0.741 +0.803 +0.893 +0.991 +0.997 +0.997 +0.996 +0.996 +0.996 +0.996 +0.996 +0.996 +0.995 +0.995 +0.965 +0.931 +0.918 +0.905 +0.893 +0.884 +0.875 +0.866 +0.856 +0.840 +0.822 +0.808 +0.802 +0.796 +0.789 +0.782 +0.773
+0.491 +0.493 +0.496 +0.502 +0.507 +0.513 +0.520 +0.530 +0.539 +0.549 +0.559 +0.568 +0.580 +0.592 +0.608 +0.625 +0.643 +0.663 +0.690 +0.731 +0.800 +0.897 +0.969 +0.995 +0.996 +0.996 +0.996 +0.995 +0.995 +0.995 +0.995 +0.995 +0.987 +0.944 +0.927 +0.914 +0.901 +0.889 +0.880 +0.871 +0.862 +0.852 +0.833 +0.818 +0.807 +0.800 +0.794 +0.787 +0.780 +0.770
+0.492 +0.493 +0.495 +0.500 +0.506 +0.511 +0.518 +0.527 +0.537 +0.547 +0.557 +0.566 +0.578 +0.589 +0.606 +0.622 +0.641 +0.661 +0.686 +0.725 +0.789 +0.860 +0.945 +0.978 +0.995 +0.995 +0.995 +0.995 +0.994 +0.994 +0.994 +0.982 +0.963 +0.936 +0.923 +0.910 +0.896 +0.885 +0.876 +0.868 +0.859 +0.845 +0.828 +0.813 +0.805 +0.798 +0.792 +0.786 +0.777 +0.768
+0.492 +0.494 +0.495 +0.498 +0.504 +0.510 +0.515 +0.524 +0.534 +0.544 +0.554 +0.563 +0.574 +0.586 +0.600 +0.617 +0.635 +0.655 +0.678 +0.713 +0.761 +0.811 +0.869 +0.930 +0.957 +0.975 +0.976 +0.979 +0.972 +0.964 +0.956 +0.949 +0.941 +0.932 +0.918 +0.905 +0.892 +0.882 +0.873 +0.864 +0.856 +0.839 +0.823 +0.810 +0.803 +0.797 +0.790 +0.784 +0.775 +0.766
+0.492 +0.494 +0.495 +0.497 +0.502 +0.508 +0.514 +0.522 +0.531 +0.541 +0.551 +0.560 +0.571 +0.583 +0.595 +0.611 +0.629 +0.649 +0.671 +0.701 +0.734 +0.777 +0.814 +0.855 +0.889 +0.910 +0.914 +0.913 +0.912 +0.911 +0.911 +0.910 +0.906 +0.904 +0.893 +0.882 +0.871 +0.864 +0.858 +0.853 +0.845 +0.830 +0.816 +0.807 +0.801 +0.795 +0.789 +0.782 +0.773 +0.764
+0.492 +0.494 +0.495 +0.497 +0.501 +0.506 +0.512 +0.519 +0.528 +0.538 +0.548 +0.557 +0.568 +0.579 +0.591 +0.606 +0.623 +0.643 +0.664 +0.689 +0.709 +0.746 +0.783 +0.811 +0.835 +0.858 +0.881 +0.880 +0.879 +0.878 +0.877 +0.874 +0.869 +0.864 +0.863 +0.855 +0.846 +0.841 +0.836 +0.831 +0.823 +0.809 +0.801 +0.795 +0.789 +0.784 +0.778 +0.773 +0.767 +0.759
+0.492 +0.494 +0.495 +0.497 +0.499 +0.505 +0.510 +0.517 +0.525 +0.535 +0.545 +0.554 +0.564 +0.576 +0.588 +0.600 +0.617 +0.637 +0.657 +0.676 +0.695 +0.721 +0.753 +0.779 +0.800 +0.813 +0.831 +0.853 +0.853 +0.852 +0.849 +0.845 +0.841 +0.838 +0.833 +0.830 +0.824 +0.819 +0.816 +0.814 +0.803 +0.794 +0.788 +0.783 +0.777 +0.772 +0.766 +0.761 +0.755 +0.749
+0.493 +0.494 +0.496 +0.497 +0.499 +0.503 +0.509 +0.515 +0.522 +0.532 +0.542 +0.551 +0.561 +0.572 +0.584 +0.596 +0.611 +0.631 +0.647 +0.662 +0.682 +0.701 +0.724 +0.746 +0.772 +0.784 +0.796 +0.810 +0.827 +0.824 +0.820 +0.817 +0.814 +0.810 +0.807 +0.804 +0.804 +0.803 +0.802 +0.798 +0.790 +0.785 +0.779 +0.774 +0.768 +0.762 +0.757 +0.751 +0.745 +0.740
+0.493 +0.494 +0.496 +0.497 +0.499 +0.501 +0.507 +0.513 +0.520 +0.529 +0.539 +0.549 +0.558 +0.569 +0.581 +0.592 +0.606 +0.623 +0.637 +0.650 +0.668 +0.686 +0.702 +0.721 +0.742 +0.756 +0.768 +0.780 +0.791 +0.798 +0.796 +0.793 +0.791 +0.790 +0.789 +0.789 +0.790 +0.790 +0.789 +0.787 +0.782 +0.777 +0.771 +0.765 +0.760 +0.754 +0.749 +0.743 +0.737 +0.732
+0.493 +0.494 +0.496 +0.497 +0.499 +0.500 +0.505 +0.512 +0.518 +0.526 +0.536 +0.546 +0.555 +0.566 +0.577 +0.589 +0.600 +0.614 +0.627 +0.639 +0.654 +0.673 +0.684 +0.701 +0.718 +0.735 +0.746 +0.757 +0.768 +0.774 +0.779 +0.781 +0.780 +0.780 +0.780 +0.779 +0.779 +0.780 +0.779 +0.779 +0.774 +0.769 +0.763 +0.757 +0.752 +0.746 +0.740 +0.735 +0.729 +0.724
+0.493 +0.494 +0.496 +0.497 +0.499 +0.500 +0.504 +0.510 +0.517 +0.523 +0.533 +0.543 +0.552 +0.562 +0.574 +0.586 +0.595 +0.605 +0.617 +0.629 +0.641 +0.659 +0.670 +0.682 +0.698 +0.714 +0.726 +0.737 +0.748 +0.754 +0.760 +0.767 +0.770 +0.770 +0.770 +0.769 +0.769 +0.768 +0.769 +0.767 +0.765 +0.760 +0.755 +0.749 +0.744 +0.738 +0.732 +0.727 +0.721 +0.715
+0.493 +0.495 +0.496 +0.498 +0.499 +0.501 +0.502 +0.509 +0.515 +0.521 +0.530 +0.539 +0.549 +0.559 +0.571 +0.581 +0.590 +0.597 +0.606 +0.618 +0.630 +0.645 +0.656 +0.668 +0.679 +0.695 +0.706 +0.717 +0.728 +0.734 +0.742 +0.750 +0.756 +0.760 +0.760 +0.759 +0.759 +0.758 +0.756 +0.755 +0.753 +0.752 +0.747 +0.741 +0.736 +0.730 +0.724 +0.719 +0.713 +0.707
+0.493 +0.495 +0.496 +0.498 +0.499 +0.501 +0.503 +0.507 +0.513 +0.520 +0.527 +0.536 +0.546 +0.556 +0.567 +0.576 +0.584 +0.590 +0.597 +0.607 +0.620 +0.631 +0.642 +0.653 +0.665 +0.676 +0.687 +0.697 +0.708 +0.715 +0.723 +0.731 +0.739 +0.745 +0.749 +0.748 +0.747 +0.745 +0.744 +0.742 +0.741 +0.740 +0.738 +0.733 +0.728 +0.722 +0.716 +0.711 +0.705 +0.699
+0.493 +0.495 +0.496 +0.498 +0.499 +0.501 +0.503 +0.505 +0.512 +0.518 +0.525 +0.533 +0.543 +0.553 +0.562 +0.571 +0.578 +0.584 +0.591 +0.598 +0.609 +0.620 +0.628 +0.639 +0.651 +0.661 +0.670 +0.678 +0.688 +0.695 +0.704 +0.712 +0.720 +0.729 +0.734 +0.735 +0.734 +0.733 +0.731 +0.729 +0.728 +0.726 +0.725 +0.724 +0.720 +0.714 +0.709 +0.703 +0.697 +0.691
+0.493 +0.495 +0.496 +0.498 +0.499 +0.501 +0.503 +0.505 +0.510 +0.517 +0.523 +0.530 +0.540 +0.550 +0.558 +0.566 +0.572 +0.578 +0.585 +0.591 +0.599 +0.609 +0.617 +0.625 +0.637 +0.647 +0.656 +0.661 +0.669 +0.676 +0.685 +0.693 +0.702 +0.710 +0.718 +0.722 +0.721 +0.720 +0.718 +0.717 +0.715 +0.714 +0.712 +0.711 +0.710 +0.706 +0.701 +0.695 +0.690 +0.684
+0.493 +0.495 +0.497 +0.498 +0.500 +0.501 +0.503 +0.505 +0.508 +0.515 +0.521 +0.528 +0.538 +0.547 +0.555 +0.561 +0.568 +0.574 +0.580 +0.586 +0.593 +0.599 +0.606 +0.614 +0.623 +0.634 +0.643 +0.649 +0.655 +0.659 +0.666 +0.674 +0.683 +0.691 +0.699 +0.708 +0.707 +0.707 +0.706 +0.704 +0.703 +0.701 +0.699 +0.698 +0.697 +0.696 +0.693 +0.688 +0.682 +0.676
+0.494 +0.495 +0.497 +0.498 +0.500 +0.501 +0.503 +0.506 +0.508 +0.513 +0.520 +0.527 +0.535 +0.543 +0.550 +0.557 +0.563 +0.569 +0.576 +0.582 +0.588 +0.593 +0.599 +0.606 +0.613 +0.621 +0.631 +0.639 +0.644 +0.648 +0.652 +0.658 +0.665 +0.672 +0.680 +0.689 +0.693 +0.693 +0.692 +0.692 +0.690 +0.688 +0.687 +0.685 +0.684 +0.682 +0.681 +0.679 +0.674 +0.669
+0.494 +0.495 +0.497 +0.498 +0.500 +0.501 +0.503 +0.506 +0.508 +0.512 +0.519 +0.526 +0.531 +0.539 +0.546 +0.552 +0.559 +0.565 +0.571 +0.578 +0.584 +0.589 +0.594 +0.598 +0.605 +0.613 +0.620 +0.628 +0.633 +0.638 +0.641 +0.644 +0.651 +0.658 +0.665 +0.672 +0.678 +0.679 +0.678 +0.678 +0.677 +0.676 +0.674 +0.673 +0.671 +0.669 +0.668 +0.667 +0.666 +0.661
+0.494 +0.495 +0.497 +0.498 +0.500 +0.501 +0.504 +0.506 +0.508 +0.511 +0.518 +0.524 +0.530 +0.535 +0.541 +0.548 +0.554 +0.560 +0.567 +0.573 +0.579 +0.584 +0.589 +0.594 +0.598 +0.605 +0.612 +0.618 +0.622 +0.627 +0.630 +0.633 +0.637 +0.644 +0.651 +0.658 +0.665 +0.668 +0.668 +0.666 +0.665 +0.663 +0.662 +0.661 +0.659 +0.658 +0.657 +0.655 +0.654 +0.653
+0.494 +0.495 +0.497 +0.499 +0.500 +0.502 +0.504 +0.506 +0.508 +0.510 +0.517 +0.522 +0.528 +0.532 +0.537 +0.543 +0.550 +0.556 +0.562 +0.569 +0.575 +0.580 +0.584 +0.589 +0.594 +0.599 +0.605 +0.611 +0.615 +0.618 +0.620 +0.623 +0.626 +0.629 +0.636 +0.644 +0.651 +0.656 +0.657 +0.657 +0.655 +0.654 +0.652 +0.651 +0.650 +0.648 +0.647 +0.646 +0.644 +0.643
+0.494 +0.496 +0.497 +0.499 +0.500 +0.502 +0.504 +0.506 +0.508 +0.511 +0.515 +0.520 +0.526 +0.530 +0.534 +0.539 +0.545 +0.552 +0.558 +0.564 +0.570 +0.575 +0.580 +0.585 +0.589 +0.594 +0.599 +0.603 +0.608 +0.611 +0.613 +0.616 +0.618 +0.621 +0.624 +0.630 +0.637 +0.644 +0.646 +0.646 +0.646 +0.644 +0.643 +0.641 +0.640 +0.639 +0.637 +0.636 +0.635 +0.634
+0.494 +0.496 +0.497 +0.499 +0.500 +0.502 +0.504 +0.506 +0.508 +0.511 +0.513 +0.519 +0.523 +0.527 +0.531 +0.535 +0.541 +0.547 +0.553 +0.560 +0.566 +0.571 +0.575 +0.580 +0.585 +0.589 +0.594 +0.599 +0.603 +0.605 +0.608 +0.610 +0.612 +0.614 +0.617 +0.620 +0.626 +0.633 +0.637 +0.637 +0.638 +0.636 +0.634 +0.633 +0.631 +0.629 +0.628 +0.628 +0.628 +0.627
+0.494 +0.496 +0.497 +0.499 +0.500 +0.502 +0.504 +0.506 +0.509 +0.511 +0.513 +0.516 +0.520 +0.525 +0.529 +0.533 +0.537 +0.543 +0.549 +0.555 +0.561 +0.566 +0.571 +0.575 +0.580 +0.585 +0.590 +0.594 +0.599 +0.601 +0.604 +0.606 +0.608 +0.610 +0.612 +0.614 +0.617 +0.623 +0.629 +0.630 +0.630 +0.630 +0.628 +0.626 +0.624 +0.623 +0.621 +0.620 +0.620 +0.620
+0.494 +0.496 +0.497 +0.499 +0.500 +0.502 +0.504 +0.506 +0.509 +0.511 +0.513 +0.515 +0.518 +0.522 +0.526 +0.530 +0.534 +0.538 +0.544 +0.551 +0.556 +0.561 +0.566 +0.571 +0.576 +0.580 +0.585 +0.590 +0.594 +0.597 +0.600 +0.602 +0.604 +0.606 +0.608 +0.610 +0.612 +0.615 +0.621 +0.624 +0.624 +0.623 +0.623 +0.621 +0.619 +0.617 +0.615 +0.614 +0.613 +0.612
+0.495 +0.496 +0.497 +0.499 +0.500 +0.502 +0.504 +0.507 +0.509 +0.511 +0.513 +0.515 +0.516 +0.519 +0.523 +0.527 +0.531 +0.536 +0.540 +0.546 +0.552 +0.557 +0.561 +0.566 +0.571 +0.576 +0.580 +0.585 +0.590 +0.593 +0.596 +0.598 +0.600 +0.602 +0.604 +0.606 +0.608 +0.610 +0.613 +0.619 +0.619 +0.619 +0.618 +0.617 +0.615 +0.614 +0.612 +0.610 +0.608 +0.607
+0.495 +0.496 +0.497 +0.499 +0.500 +0.502 +0.504 +0.507 +0.509 +0.511 +0.513 +0.514 +0.515 +0.517 +0.521 +0.525 +0.529 +0.533 +0.537 +0.542 +0.547 +0.552 +0.557 +0.562 +0.566 +0.571 +0.576 +0.581 +0.585 +0.589 +0.592 +0.594 +0.596 +0.598 +0.600 +0.602 +0.604 +0.606 +0.608 +0.612 +0.614 +0.614 +0.613 +0.613 +0.612 +0.610 +0.608 +0.607 +0.605 +0.603
