+0.000 +0.000 +0.000 +0.000 +0.000 +0.000 +0.000 +0.000 +0.000 +0.000 +0.000 +0.000 +0.000 +0.000 +0.000 +0.000 +0.000 +0.000 +0.000 +0.000 +0.000 +0.000 +0.000 +0.000 +0.000 +0.000 +0.000 +0.000 +0.000 +0.000 +0.000 +0.000 +0.000 +0.000 +0.000 +0.000 +0.000 +0.000 +0.000 +0.000 +0.000 +0.000 +0.000 +0.000 +0.000 +0.000 +0.000 +0.000 +0.000 +0.000
+0.000 +0.000 +0.000 +0.000 +0.000 +0.000 +0.000 +0.000 +0.000 +0.000 +0.000 +0.000 +0.000 +0.000 +0.000 +0.000 +0.000 +0.000 +0.000 +0.000 +0.000 +0.000 +0.000 +0.000 +0.000 +0.000 +0.000 +0.000 +0.000 +0.000 +0.000 +0.000 +0.000 +0.000 +0.000 +0.000 +0.000 +0.000 +0.000 +0.000 +0.000 +0.000 +0.000 +0.000 +0.000 +0.000 +0.000 +0.000 +0.000 +0.000
+0.000 +0.000 +0.000 +0.000 +0.000 +0.000 +0.000 +0.000 +0.000 +0.000 +0.000 +0.000 +0.000 +0.000 +0.000 +0.000 +0.000 +0.000 +0.000 +0.000 +0.000 +0.000 +0.000 +0.000 +0.000 +0.000 +0.000 +0.000 +0.000 +0.000 +0.000 +0.000 +0.000 +0.000 +0.000 +0.000 +0.000 +0.000 +0.000 +0.000 +0.000 +0.000 +0.000 +0.000 +0.000 +0.000 +0.000 +0.000 +0.000 +0.000
+0.000 +0.000 +0.000 +0.000 +0.000 +0.000 +0.000 +0.000 +0.000 +0.000 +0.000 +0.000 +0.000 +0.000 +0.000 +0.000 +0.000 +0.000 +0.000 +0.000 +0.000 +0.000 +0.000 +0.000 +0.000 +0.000 +0.000 +0.000 +0.000 +0.000 +0.000 +0.000 +0.000 +0.000 +0.000 +0.000 +0.000 +0.000 +0.000 +0.000 +0.000 +0.000 +0.000 +0.000 +0.000 +0.000 +0.000 +0.000 +0.000 +0.000
+0.000 +0.000 +0.000 +0.000 +0.000 +0.000 +0.000 +0.000 +0.000 +0.000 +0.000 +0.000 +0.000 +0.000 +0.000 +0.000 +0.000 +0.000 +0.000 +0.000 +0.000 +0.000 +0.000 +0.000 +0.000 +0.000 +0.000 +0.000 +0.000 +0.000 +0.000 +0.000 +0.000 +0.000 +0.000 +0.000 +0.000 +0.000 +0.000 +0.000 +0.000 +0.000 +0.000 +0.000 +0.000 +0.000 +0.000 +0.000 +0.000 +0.000
+0.000 +0.000 +0.000 +0.000 +0.000 +0.000 +0.000 +0.000 +0.000 +0.000 +0.000 +0.000 +0.000 +0.000 +0.000 +0.000 +0.000 +0.000 +0.000 +0.000 +0.000 +0.000 +0.000 +0.000 +0.000 +0.000 +0.000 +0.000 +0.000 +0.000 +0.000 +0.000 +0.000 +0.000 +0.000 +0.000 +0.000 +0.000 +0.000 +0.000 +0.000 +0.000 +0.000 +0.000 +0.000 +0.000 +0.000 +0.000 +0.000 +0.000
+0.000 +0.000 +0.000 +0.000 +0.000 +0.000 +0.000 +0.000 +0.000 +0.000 +0.000 +0.000 +0.000 +0.000 +0.000 +0.000 +0.000 +0.000 +0.000 +0.000 +0.000 +0.000 +0.000 +0.000 +0.000 +0.000 +0.000 +0.000 +0.000 +0.000 +0.000 +0.000 +0.000 +0.000 +0.000 +0.000 +0.000 +0.000 +0.000 +0.000 +0.000 +0.000 +0.000 +0.000 +0.000 +0.000 +0.000 +0.000 +0.000 +0.000
+0.000 +0.000 +0.000 +0.000 +0.000 +0.000 +0.000 +0.000 +0.000 +0.000 +0.000 +0.000 +0.000 +0.000 +0.000 +0.000 +0.000 +0.000 +0.000 +0.000 +0.000 +0.000 +0.000 +0.000 +0.000 +0.000 +0.000 +0.000 +0.000 +0.000 +0.000 +0.000 +0.000 +0.000 +0.000 +0.000 +0.000 +0.000 +0.000 +0.000 +0.000 +0.000 +0.000 +0.000 +0.000 +0.000 +0.000 +0.000 +0.000 +0.000
+0.000 +0.000 +0.000 +0.000 +0.000 +0.000 +0.000 +0.000 +0.000 +0.000 +0.000 +0.000 +0.000 +0.000 +0.000 +0.000 +0.000 +0.000 +0.000 +0.000 +0.000 +0.000 +0.000 +0.000 +0.000 +0.000 +0.000 +0.000 +0.000 +0.000 +0.000 +0.000 +0.000 +0.000 +0.000 +0.000 +0.000 +0.000 +0.000 +0.000 +0.000 +0.000 +0.000 +0.000 +0.000 +0.000 +0.000 +0.000 +0.000 +0.000
+0.000 +0.000 +0.000 +0.000 +0.000 +0.000 +0.000 +0.000 +0.000 +0.000 +0.000 +0.000 +0.000 +0.000 +0.000 +0.000 +0.000 +0.000 +0.000 +0.000 +0.000 +0.000 +0.000 +0.000 +0.000 +0.000 +0.000 +0.000 +0.000 +0.000 +0.000 +0.000 +0.000 +0.000 +0.000 +0.000 +0.000 +0.000 +0.000 +0.000 +0.000 +0.000 +0.000 +0.000 +0.000 +0.000 +0.000 +0.000 +0.000 +0.000
+0.000 +0.000 +0.000 +0.000 +0.000 +0.000 +0.000 +0.000 +0.000 +0.000 +0.000 +0.000 +0.000 +0.000 +0.000 +0.000 +0.000 +0.000 +0.000 +0.000 +0.000 +0.000 +0.000 +0.000 +0.000 +0.000 +0.000 +0.000 +0.000 +0.000 +0.000 +0.000 +0.000 +0.000 +0.000 +0.000 +0.000 +0.000 +0.000 +0.000 +0.000 +0.000 +0.000 +0.000 +0.000 +0.000 +0.000 +0.000 +0.000 +0.000
+0.000 +0.000 +0.000 +0.000 +0.000 +0.000 +0.000 +0.000 +0.000 +0.000 +0.000 +0.000 +0.000 +0.000 +0.000 +0.000 +0.000 +0.000 +0.000 +0.000 +0.000 +0.000 +0.000 +0.000 +0.000 +0.000 +0.000 +0.000 +0.000 +0.000 +0.000 +0.000 +0.000 +0.000 +0.000 +0.000 +0.000 +0.000 +0.000 +0.000 +0.000 +0.000 +0.000 +0.000 +0.000 +0.000 +0.000 +0.000 +0.000 +0.000
+0.000 +0.000 +0.000 +0.000 +0.000 +0.000 +0.000 +0.000 +0.000 +0.000 +0.000 +0.000 +0.000 +0.000 +0.000 +0.000 +0.000 +0.000 +0.000 +0.000 +0.000 +0.000 +0.000 +0.000 +0.000 +0.000 +0.000 +0.000 +0.000 +0.000 +0.000 +0.000 +0.000 +0.000 +0.000 +0.000 +0.000 +0.000 +0.000 +0.000 +0.000 +0.000 +0.000 +0.000 +0.000 +0.000 +0.000 +0.000 +0.000 +0.000
+0.000 +0.000 +0.000 +0.000 +0.000 +0.000 +0.000 +0.000 +0.000 +0.000 +0.000 +0.000 +0.000 +0.000 +0.000 +0.000 +0.000 +0.000 +0.000 +0.000 +0.000 +0.000 +0.000 +0.000 +0.000 +0.000 +0.000 +0.000 +0.000 +0.000 +0.000 +0.000 +0.000 +0.000 +0.000 +0.000 +0.000 +0.000 +0.000 +0.000 +0.000 +0.000 +0.000 +0.000 +0.000 +0.000 +0.000 +0.000 +0.000 +0.000
+0.000 +0.000 +0.000 +0.000 +0.000 +0.000 +0.000 +0.000 +0.000 +0.000 +0.000 +0.000 +0.000 +0.000 +0.000 +0.000 +0.000 +0.000 +0.000 +0.000 +0.000 +0.000 +0.000 +0.000 +0.000 +0.000 +0.000 +0.000 +0.000 +0.000 +0.000 +0.000 +0.000 +0.000 +0.000 +0.000 +0.000 +0.000 +0.000 +0.000 +0.000 +0.000 +0.000 +0.000 +0.000 +0.000 +0.000 +0.000 +0.000 +0.000
+0.000 +0.000 +0.000 +0.000 +0.000 +0.000 +0.000 +0.000 +0.000 +0.000 +0.000 +0.000 +0.000 +0.000 +0.000 +0.000 +0.000 +0.000 +0.000 +0.000 +0.000 +0.000 +0.000 +0.000 +0.000 +0.000 +0.000 +0.000 +0.000 +0.000 +0.000 +0.000 +0.000 +0.000 +0.000 +0.000 +0.000 +0.000 +0.000 +0.000 +0.000 +0.000 +0.000 +0.000 +0.000 +0.000 +0.000 +0.000 +0.000 +0.000
+0.000 +0.000 +0.000 +0.000 +0.000 +0.000 +0.000 +0.000 +0.000 +0.000 +0.000 +0.000 +0.000 +0.000 +0.000 +0.000 +0.000 +0.000 +0.000 +0.000 +0.000 +0.000 +0.000 +0.000 +0.000 +0.000 +0.000 +0.000 +0.000 +0.000 +0.000 +0.000 +0.000 +0.000 +0.000 +0.000 +0.000 +0.000 +0.000 +0.000 +0.000 +0.000 +0.000 +0.000 +0.000 +0.000 +0.000 +0.000 +0.000 +0.000
+0.000 +0.000 +0.000 +0.000 +0.000 +0.000 +0.000 +0.000 +0.000 +0.000 +0.000 +0.000 +0.000 +0.000 +0.000 +0.000 +0.000 +0.000 +0.000 +0.000 +0.000 +0.000 +0.000 +0.000 +0.000 +0.000 +0.000 +0.000 +0.000 +0.000 +0.000 +0.000 +0.000 +0.000 +0.000 +0.000 +0.000 +0.000 +0.000 +0.000 +0.000 +0.000 +0.000 +0.000 +0.000 +0.000 +0.000 +0.000 +0.000 +0.000
+0.000 +0.000 +0.000 +0.000 +0.000 +0.000 +0.000 +0.000 +0.000 +0.000 +0.000 +0.000 +0.000 +0.000 +0.000 +0.000 +0.000 +0.000 +0.000 +0.000 +0.000 +0.000 +0.000 +0.000 +0.000 +0.000 +0.000 +0.000 +0.000 +0.000 +0.000 +0.000 +0.000 +0.000 +0.000 +0.000 +0.000 +0.000 +0.000 +0.000 +0.000 +0.000 +0.000 +0.000 +0.000 +0.000 +0.000 +0.000 +0.000 +0.000
+0.000 +0.000 +0.000 +0.000 +0.000 +0.000 +0.000 +0.000 +0.000 +0.000 +0.000 +0.000 +0.000 +0.000 +0.000 +0.000 +0.000 +0.000 +0.000 +0.000 +0.000 +0.000 +0.000 +0.000 +0.000 +0.000 +0.000 +0.000 +0.000 +0.000 +0.000 +0.000 +0.000 +0.000 +0.000 +0.000 +0.000 +0.000 +0.000 +0.000 +0.000 +0.000 +0.000 +0.000 +0.000 +0.000 +0.000 +0.000 +0.000 +0.000
+0.000 +0.000 +0.000 +0.000 +0.000 +0.000 +0.000 +0.000 +0.000 +0.000 +0.000 +0.000 +0.000 +0.000 +0.000 +0.000 +0.000 +0.000 +0.000 +0.000 +0.000 +0.000 +0.000 +0.000 +0.000 +0.000 +0.000 +0.000 +0.000 +0.000 +0.000 +0.000 +0.000 +0.000 +0.000 +0.000 +0.000 +0.000 +0.000 +0.000 +0.000 +0.000 +0.000 +0.000 +0.000 +0.000 +0.000 +0.000 +0.000 +0.000
+0.000 +0.000 +0.000 +0.000 +0.000 +0.000 +0.000 +0.000 +0.000 +0.000 +0.000 +0.000 +0.000 +0.000 +0.000 +0.000 +0.000 +0.000 +0.000 +0.000 +0.000 +0.000 +0.000 +0.000 +0.000 +0.000 +0.000 +0.000 +0.000 +0.000 +0.000 +0.000 +0.000 +0.000 +0.000 +0.000 +0.000 +0.000 +0.000 +0.000 +0.000 +0.000 +0.000 +0.000 +0.000 +0.000 +0.000 +0.000 +0.000 +0.000
+0.000 +0.000 +0.000 +0.000 +0.000 +0.000 +0.000 +0.000 +0.000 +0.000 +0.000 +0.000 +0.000 +0.000 +0.000 +0.000 +0.000 +0.000 +0.000 +0.000 +0.000 +0.000 +0.000 +0.000 +0.000 +0.000 +0.000 +0.000 +0.000 +0.000 +0.000 +0.000 +0.000 +0.000 +0.000 +0.000 +0.000 +0.000 +0.000 +0.000 +0.000 +0.000 +0.000 +0.000 +0.000 +0.000 +0.000 +0.000 +0.000 +0.000
+0.000 +0.000 +0.000 +0.000 +0.000 +0.000 +0.000 +0.000 +0.000 +0.000 +0.000 +0.000 +0.000 +0.000 +0.000 +0.000 +0.000 +0.000 +0.000 +0.000 +0.000 +0.000 +0.000 +0.000 +0.000 +0.000 +0.000 +0.000 +0.000 +0.000 +0.000 +0.000 +0.000 +0.000 +0.000 +0.000 +0.000 +0.000 +0.000 +0.000 +0.000 +0.000 +0.000 +0.000 +0.000 +0.000 +0.000 +0.000 +0.000 +0.000
+0.000 +0.000 +0.000 +0.000 +0.000 +0.000 +0.000 +0.000 +0.000 +0.000 +0.000 +0.000 +0.000 +0.000 +0.000 +0.000 +0.000 +0.000 +0.000 +0.000 +0.000 +0.000 +0.000 +0.000 +0.000 +0.000 +0.000 +0.000 +0.000 +0.000 +0.000 +0.000 +0.000 +0.000 +0.000 +0.000 +0.000 +0.000 +0.000 +0.000 +0.000 +0.000 +0.000 +0.000 +0.000 +0.000 +0.000 +0.000 +0.000 +0.000
+0.000 +0.000 +0.000 +0.000 +0.000 +0.000 +0.000 +0.000 +0.000 +0.000 +0.000 +0.000 +0.000 +0.000 +0.000 +0.000 +0.000 +0.000 +0.000 +0.000 +0.000 +0.000 +0.000 +0.000 +0.000 +0.001 +0.089 +0.137 +0.003 +0.000 +0.000 +0.000 +0.000 +0.000 +0.000 +0.000 +0.000 +0.000 +0.000 +0.000 +0.000 +0.000 +0.000 +0.000 +0.000 +0.000 +0.000 +0.000 +0.000 +0.000
+0.000 +0.000 +0.000 +0.000 +0.000 +0.000 +0.000 +0.000 +0.000 +0.000 +0.000 +0.000 +0.000 +0.000 +0.000 +0.000 +0.000 +0.000 +0.000 +0.000 +0.000 +0.000 +0.000 +0.001 +0.003 +0.037 +0.337 +0.238 +0.063 +0.001 +0.000 +0.000 +0.000 +0.000 +0.000 +0.000 +0.000 +0.000 +0.000 +0.000 +0.000 +0.000 +0.000 +0.000 +0.000 +0.000 +0.000 +0.000 +0.000 +0.000
+0.000 +0.000 +0.000 +0.000 +0.000 +0.000 +0.000 +0.000 +0.000 +0.000 +0.000 +0.000 +0.000 +0.000 +0.003 +0.017 +0.086 +0.140 +0.070 +0.007 +0.002 +0.002 +0.009 +0.014 +0.025 +0.268 +0.451 +0.343 +0.193 +0.046 +0.001 +0.000 +0.000 +0.000 +0.000 +0.000 +0.000 +0.000 +0.000 +0.000 +0.000 +0.000 +0.000 +0.000 +0.000 +0.000 +0.000 +0.000 +0.000 +0.000
+0.000 +0.000 +0.000 +0.000 +0.000 +0.000 +0.000 +0.000 +0.000 +0.000 +0.000 +0.005 +0.050 +0.098 +0.156 +0.216 +0.238 +0.195 +0.149 +0.075 +0.016 +0.007 +0.016 +0.034 +0.113 +0.560 +0.598 +0.476 +0.311 +0.172 +0.056 +0.002 +0.000 +0.000 +0.000 +0.000 +0.000 +0.000 +0.000 +0.000 +0.000 +0.000 +0.000 +0.000 +0.000 +0.000 +0.000 +0.000 +0.000 +0.000
+0.000 +0.000 +0.000 +0.000 +0.000 +0.000 +0.000 +0.000 +0.003 +0.014 +0.037 +0.089 +0.174 +0.234 +0.277 +0.323 +0.296 +0.251 +0.196 +0.142 +0.068 +0.026 +0.045 +0.110 +0.469 +0.791 +0.749 +0.593 +0.457 +0.285 +0.170 +0.055 +0.002 +0.000 +0.000 +0.000 +0.000 +0.000 +0.000 +0.000 +0.000 +0.000 +0.000 +0.000 +0.000 +0.000 +0.000 +0.000 +0.000 +0.000
+0.000 +0.000 +0.000 +0.000 +0.000 +0.001 +0.004 +0.009 +0.024 +0.058 +0.136 +0.241 +0.295 +0.344 +0.397 +0.413 +0.362 +0.311 +0.241 +0.181 +0.166 +0.111 +0.150 +0.292 +0.749 +0.957 +0.849 +0.718 +0.568 +0.435 +0.286 +0.172 +0.049 +0.002 +0.000 +0.000 +0.000 +0.000 +0.000 +0.000 +0.000 +0.000 +0.000 +0.000 +0.000 +0.001 +0.000 +0.000 +0.000 +0.000
+0.000 +0.000 +0.000 +0.001 +0.002 +0.006 +0.015 +0.038 +0.091 +0.170 +0.267 +0.365 +0.418 +0.482 +0.536 +0.489 +0.425 +0.362 +0.285 +0.225 +0.198 +0.229 +0.384 +0.557 +0.925 +0.994 +0.980 +0.837 +0.692 +0.541 +0.424 +0.280 +0.171 +0.043 +0.001 +0.000 +0.000 +0.000 +0.000 +0.000 +0.000 +0.000 +0.000 +0.001 +0.001 +0.001 +0.001 +0.001 +0.001 +0.001
+0.000 +0.001 +0.001 +0.004 +0.010 +0.024 +0.059 +0.112 +0.188 +0.298 +0.435 +0.523 +0.589 +0.647 +0.610 +0.547 +0.482 +0.416 +0.330 +0.272 +0.262 +0.355 +0.546 +0.751 +0.992 +0.999 +0.997 +0.975 +0.800 +0.666 +0.545 +0.412 +0.271 +0.164 +0.031 +0.002 +0.000 +0.000 +0.000 +0.000 +0.000 +0.000 +0.001 +0.002 +0.002 +0.002 +0.002 +0.002 +0.002 +0.002
+0.001 +0.002 +0.006 +0.015 +0.038 +0.072 +0.130 +0.225 +0.360 +0.506 +0.629 +0.687 +0.724 +0.719 +0.664 +0.604 +0.542 +0.465 +0.385 +0.335 +0.356 +0.479 +0.706 +0.945 +0.999 +1.000 +1.000 +0.999 +0.956 +0.779 +0.659 +0.552 +0.401 +0.262 +0.158 +0.022 +0.002 +0.000 +0.000 +0.000 +0.000 +0.001 +0.005 +0.005 +0.005 +0.005 +0.005 +0.005 +0.005 +0.005
+0.004 +0.010 +0.025 +0.049 +0.092 +0.164 +0.275 +0.424 +0.578 +0.701 +0.759 +0.789 +0.802 +0.764 +0.714 +0.662 +0.598 +0.523 +0.449 +0.416 +0.477 +0.651 +0.845 +0.995 +1.000 +1.000 +1.000 +1.000 +0.998 +0.923 +0.767 +0.659 +0.544 +0.389 +0.252 +0.152 +0.016 +0.003 +0.001 +0.000 +0.001 +0.007 +0.011 +0.011 +0.011 +0.010 +0.010 +0.010 +0.010 +0.009
+0.017 +0.034 +0.064 +0.117 +0.204 +0.332 +0.491 +0.646 +0.741 +0.805 +0.842 +0.861 +0.841 +0.805 +0.765 +0.715 +0.657 +0.585 +0.522 +0.517 +0.630 +0.811 +0.990 +0.999 +1.000 +1.000 +1.000 +1.000 +1.000 +0.996 +0.884 +0.767 +0.659 +0.532 +0.376 +0.243 +0.146 +0.014 +0.003 +0.001 +0.003 +0.017 +0.020 +0.023 +0.022 +0.022 +0.021 +0.019 +0.019 +0.019
+0.044 +0.082 +0.148 +0.252 +0.395 +0.558 +0.693 +0.772 +0.830 +0.875 +0.901 +0.896 +0.873 +0.846 +0.808 +0.763 +0.710 +0.647 +0.602 +0.647 +0.783 +0.948 +0.999 +1.000 +1.000 +1.000 +1.000 +1.000 +1.000 +1.000 +0.993 +0.850 +0.767 +0.661 +0.519 +0.364 +0.234 +0.135 +0.017 +0.005 +0.007 +0.028 +0.031 +0.036 +0.042 +0.045 +0.043 +0.040 +0.036 +0.035
+0.105 +0.185 +0.306 +0.461 +0.612 +0.723 +0.799 +0.852 +0.892 +0.922 +0.930 +0.920 +0.903 +0.876 +0.844 +0.804 +0.758 +0.715 +0.686 +0.795 +0.931 +0.998 +1.000 +1.000 +1.000 +1.000 +1.000 +1.000 +1.000 +1.000 +1.000 +0.990 +0.850 +0.767 +0.659 +0.506 +0.353 +0.225 +0.113 +0.029 +0.022 +0.045 +0.050 +0.055 +0.064 +0.070 +0.074 +0.071 +0.067 +0.062
+0.229 +0.366 +0.523 +0.644 +0.750 +0.824 +0.871 +0.906 +0.932 +0.950 +0.950 +0.939 +0.922 +0.901 +0.873 +0.840 +0.805 +0.776 +0.807 +0.892 +0.983 +1.000 +1.000 +1.000 +1.000 +1.000 +1.000 +1.000 +1.000 +1.000 +1.000 +0.999 +0.986 +0.849 +0.767 +0.647 +0.493 +0.341 +0.216 +0.105 +0.069 +0.070 +0.077 +0.082 +0.087 +0.096 +0.102 +0.104 +0.107 +0.100
+0.431 +0.557 +0.675 +0.774 +0.847 +0.888 +0.918 +0.940 +0.956 +0.966 +0.962 +0.951 +0.938 +0.921 +0.898 +0.871 +0.852 +0.854 +0.899 +0.965 +0.999 +1.000 +1.000 +1.000 +1.000 +1.000 +1.000 +1.000 +1.000 +1.000 +1.000 +1.000 +0.999 +0.981 +0.849 +0.767 +0.635 +0.480 +0.330 +0.207 +0.112 +0.109 +0.108 +0.115 +0.122 +0.129 +0.137 +0.141 +0.144 +0.147
+0.590 +0.704 +0.798 +0.866 +0.902 +0.928 +0.947 +0.961 +0.971 +0.975 +0.970 +0.961 +0.951 +0.937 +0.919 +0.899 +0.901 +0.919 +0.950 +0.991 +1.000 +1.000 +1.000 +1.000 +1.000 +1.000 +1.000 +1.000 +1.000 +1.000 +1.000 +1.000 +1.000 +0.999 +0.973 +0.849 +0.763 +0.623 +0.467 +0.318 +0.199 +0.160 +0.153 +0.158 +0.167 +0.177 +0.183 +0.188 +0.192 +0.195
+0.732 +0.818 +0.880 +0.914 +0.936 +0.953 +0.965 +0.974 +0.980 +0.981 +0.976 +0.969 +0.961 +0.950 +0.935 +0.933 +0.943 +0.958 +0.983 +1.000 +1.000 +1.000 +1.000 +1.000 +1.000 +1.000 +1.000 +1.000 +1.000 +1.000 +1.000 +1.000 +1.000 +1.000 +0.998 +0.962 +0.849 +0.751 +0.610 +0.454 +0.307 +0.227 +0.216 +0.213 +0.225 +0.237 +0.245 +0.244 +0.247 +0.250
+0.836 +0.892 +0.923 +0.943 +0.958 +0.969 +0.977 +0.982 +0.986 +0.985 +0.981 +0.976 +0.969 +0.960 +0.955 +0.959 +0.970 +0.979 +0.996 +1.000 +1.000 +1.000 +1.000 +1.000 +1.000 +1.000 +1.000 +1.000 +1.000 +1.000 +1.000 +1.000 +1.000 +1.000 +1.000 +0.998 +0.948 +0.847 +0.740 +0.598 +0.442 +0.326 +0.278 +0.272 +0.276 +0.290 +0.300 +0.300 +0.297 +0.300
+0.901 +0.932 +0.949 +0.962 +0.972 +0.979 +0.984 +0.988 +0.989 +0.988 +0.985 +0.981 +0.976 +0.971 +0.972 +0.978 +0.984 +0.993 +1.000 +1.000 +1.000 +1.000 +1.000 +1.000 +1.000 +1.000 +1.000 +1.000 +1.000 +1.000 +1.000 +1.000 +1.000 +1.000 +1.000 +1.000 +0.997 +0.921 +0.842 +0.729 +0.585 +0.446 +0.377 +0.343 +0.336 +0.349 +0.361 +0.362 +0.358 +0.355
+0.939 +0.955 +0.966 +0.975 +0.981 +0.986 +0.989 +0.991 +0.992 +0.991 +0.988 +0.985 +0.982 +0.982 +0.984 +0.989 +0.992 +0.998 +1.000 +1.000 +1.000 +1.000 +1.000 +1.000 +1.000 +1.000 +1.000 +1.000 +1.000 +1.000 +1.000 +1.000 +1.000 +1.000 +1.000 +1.000 +1.000 +0.995 +0.900 +0.837 +0.717 +0.582 +0.503 +0.434 +0.414 +0.413 +0.428 +0.428 +0.425 +0.422
+0.960 +0.970 +0.978 +0.983 +0.987 +0.990 +0.992 +0.993 +0.994 +0.993 +0.991 +0.989 +0.988 +0.989 +0.991 +0.994 +0.997 +1.000 +1.000 +1.000 +1.000 +1.000 +1.000 +1.000 +1.000 +1.000 +1.000 +1.000 +1.000 +1.000 +1.000 +1.000 +1.000 +1.000 +1.000 +1.000 +1.000 +1.000 +0.992 +0.897 +0.826 +0.707 +0.627 +0.559 +0.501 +0.489 +0.497 +0.497 +0.494 +0.491
+0.973 +0.980 +0.985 +0.989 +0.991 +0.993 +0.994 +0.995 +0.995 +0.994 +0.993 +0.992 +0.992 +0.993 +0.995 +0.997 +0.999 +1.000 +1.000 +1.000 +1.000 +1.000 +1.000 +1.000 +1.000 +1.000 +1.000 +1.000 +1.000 +1.000 +1.000 +1.000 +1.000 +1.000 +1.000 +1.000 +1.000 +1.000 +1.000 +0.987 +0.893 +0.818 +0.737 +0.679 +0.614 +0.572 +0.566 +0.566 +0.564 +0.560
+0.982 +0.986 +0.990 +0.992 +0.994 +0.995 +0.996 +0.996 +0.996 +0.995 +0.995 +0.995 +0.995 +0.996 +0.997 +0.999 +1.000 +1.000 +1.000 +1.000 +1.000 +1.000 +1.000 +1.000 +1.000 +1.000 +1.000 +1.000 +1.000 +1.000 +1.000 +1.000 +1.000 +1.000 +1.000 +1.000 +1.000 +1.000 +1.000 +0.999 +0.979 +0.890 +0.830 +0.779 +0.726 +0.667 +0.641 +0.633 +0.631 +0.628
+0.988 +0.990 +0.993 +0.994 +0.996 +0.996 +0.997 +0.997 +0.997 +0.997 +0.997 +0.997 +0.997 +0.998 +0.999 +1.000 +1.000 +1.000 +1.000 +1.000 +1.000 +1.000 +1.000 +1.000 +1.000 +1.000 +1.000 +1.000 +1.000 +1.000 +1.000 +1.000 +1.000 +1.000 +1.000 +1.000 +1.000 +1.000 +1.000 +1.000 +0.999 +0.967 +0.892 +0.858 +0.815 +0.769 +0.717 +0.698 +0.693 +0.691
+0.991 +0.993 +0.995 +0.996 +0.997 +0.997 +0.998 +0.998 +0.998 +0.998 +0.998 +0.998 +0.998 +0.999 +1.000 +1.000 +1.000 +1.000 +1.000 +1.000 +1.000 +1.000 +1.000 +1.000 +1.000 +1.000 +1.000 +1.000 +1.000 +1.000 +1.000 +1.000 +1.000 +1.000 +1.000 +1.000 +1.000 +1.000 +1.000 +1.000 +1.000 +0.998 +0.946 +0.910 +0.882 +0.845 +0.799 +0.761 +0.749 +0.747
