+0.726 +0.727 +0.727 +0.728 +0.727 +0.723 +0.719 +0.716 +0.712 +0.708 +0.705 +0.701 +0.698 +0.695 +0.692 +0.689 +0.686 +0.682 +0.680 +0.679 +0.680 +0.677 +0.673 +0.667 +0.663 +0.656 +0.648 +0.642 +0.637 +0.633 +0.628 +0.625 +0.622 +0.619 +0.617 +0.614 +0.609 +0.603 +0.597 +0.592 +0.586 +0.581 +0.575 +0.570 +0.566 +0.562 +0.558 +0.553 +0.548 +0.543
+0.728 +0.728 +0.729 +0.729 +0.730 +0.728 +0.725 +0.722 +0.718 +0.715 +0.712 +0.709 +0.706 +0.703 +0.700 +0.697 +0.694 +0.690 +0.683 +0.681 +0.681 +0.681 +0.676 +0.671 +0.667 +0.661 +0.653 +0.646 +0.641 +0.636 +0.631 +0.627 +0.623 +0.620 +0.618 +0.614 +0.609 +0.603 +0.598 +0.592 +0.587 +0.581 +0.576 +0.570 +0.566 +0.562 +0.557 +0.552 +0.547 +0.542
+0.729 +0.730 +0.732 +0.734 +0.735 +0.737 +0.734 +0.730 +0.727 +0.724 +0.720 +0.717 +0.714 +0.711 +0.708 +0.705 +0.702 +0.698 +0.693 +0.683 +0.683 +0.683 +0.680 +0.675 +0.671 +0.666 +0.658 +0.651 +0.644 +0.639 +0.634 +0.630 +0.625 +0.622 +0.619 +0.615 +0.609 +0.603 +0.598 +0.592 +0.587 +0.581 +0.576 +0.570 +0.566 +0.561 +0.556 +0.551 +0.546 +0.541
+0.732 +0.735 +0.737 +0.739 +0.741 +0.743 +0.743 +0.739 +0.736 +0.733 +0.730 +0.726 +0.723 +0.720 +0.716 +0.713 +0.709 +0.706 +0.702 +0.693 +0.684 +0.684 +0.683 +0.679 +0.676 +0.671 +0.663 +0.656 +0.649 +0.642 +0.638 +0.633 +0.628 +0.623 +0.620 +0.615 +0.609 +0.604 +0.598 +0.593 +0.587 +0.582 +0.576 +0.570 +0.565 +0.560 +0.555 +0.550 +0.545 +0.540
+0.738 +0.741 +0.743 +0.745 +0.746 +0.748 +0.749 +0.748 +0.744 +0.741 +0.737 +0.734 +0.731 +0.727 +0.724 +0.720 +0.717 +0.714 +0.711 +0.704 +0.695 +0.686 +0.684 +0.683 +0.680 +0.676 +0.669 +0.661 +0.654 +0.647 +0.641 +0.636 +0.631 +0.626 +0.621 +0.615 +0.610 +0.604 +0.598 +0.593 +0.587 +0.581 +0.575 +0.569 +0.564 +0.559 +0.554 +0.549 +0.544 +0.539
+0.744 +0.745 +0.747 +0.749 +0.750 +0.752 +0.753 +0.755 +0.752 +0.748 +0.745 +0.741 +0.738 +0.735 +0.731 +0.728 +0.725 +0.723 +0.719 +0.714 +0.707 +0.695 +0.687 +0.686 +0.684 +0.680 +0.674 +0.667 +0.659 +0.651 +0.644 +0.639 +0.634 +0.629 +0.623 +0.615 +0.610 +0.604 +0.599 +0.593 +0.587 +0.581 +0.575 +0.568 +0.563 +0.558 +0.553 +0.548 +0.543 +0.539
+0.748 +0.749 +0.751 +0.752 +0.754 +0.755 +0.757 +0.758 +0.759 +0.756 +0.752 +0.749 +0.746 +0.742 +0.739 +0.735 +0.733 +0.731 +0.729 +0.724 +0.718 +0.708 +0.693 +0.688 +0.688 +0.685 +0.679 +0.672 +0.664 +0.656 +0.648 +0.642 +0.637 +0.633 +0.625 +0.617 +0.610 +0.605 +0.599 +0.592 +0.586 +0.580 +0.574 +0.567 +0.562 +0.557 +0.552 +0.547 +0.543 +0.538
+0.751 +0.753 +0.755 +0.756 +0.758 +0.759 +0.761 +0.762 +0.764 +0.763 +0.760 +0.757 +0.753 +0.750 +0.746 +0.743 +0.743 +0.743 +0.740 +0.736 +0.730 +0.722 +0.707 +0.693 +0.691 +0.688 +0.684 +0.676 +0.668 +0.660 +0.652 +0.645 +0.640 +0.635 +0.627 +0.619 +0.611 +0.604 +0.598 +0.592 +0.585 +0.579 +0.572 +0.566 +0.561 +0.556 +0.551 +0.547 +0.542 +0.538
+0.753 +0.757 +0.758 +0.760 +0.761 +0.763 +0.765 +0.766 +0.768 +0.769 +0.768 +0.764 +0.761 +0.757 +0.755 +0.755 +0.754 +0.754 +0.752 +0.749 +0.742 +0.736 +0.723 +0.706 +0.694 +0.692 +0.689 +0.681 +0.673 +0.665 +0.657 +0.649 +0.644 +0.638 +0.630 +0.621 +0.613 +0.604 +0.597 +0.591 +0.585 +0.578 +0.571 +0.565 +0.561 +0.556 +0.551 +0.546 +0.542 +0.537
+0.750 +0.755 +0.761 +0.764 +0.765 +0.767 +0.768 +0.770 +0.771 +0.773 +0.775 +0.772 +0.769 +0.768 +0.767 +0.766 +0.766 +0.765 +0.764 +0.761 +0.755 +0.749 +0.739 +0.724 +0.708 +0.696 +0.693 +0.685 +0.677 +0.670 +0.662 +0.654 +0.647 +0.640 +0.631 +0.622 +0.614 +0.605 +0.597 +0.590 +0.584 +0.577 +0.570 +0.565 +0.560 +0.555 +0.550 +0.546 +0.541 +0.537
+0.747 +0.752 +0.758 +0.764 +0.769 +0.771 +0.772 +0.774 +0.775 +0.777 +0.778 +0.782 +0.780 +0.778 +0.778 +0.778 +0.777 +0.779 +0.778 +0.774 +0.768 +0.761 +0.753 +0.740 +0.725 +0.710 +0.699 +0.690 +0.682 +0.674 +0.666 +0.658 +0.650 +0.641 +0.632 +0.624 +0.615 +0.606 +0.598 +0.589 +0.582 +0.576 +0.569 +0.564 +0.559 +0.554 +0.550 +0.545 +0.541 +0.536
+0.743 +0.749 +0.755 +0.760 +0.766 +0.772 +0.776 +0.778 +0.779 +0.781 +0.783 +0.788 +0.791 +0.790 +0.790 +0.792 +0.795 +0.797 +0.796 +0.791 +0.786 +0.775 +0.767 +0.756 +0.741 +0.725 +0.712 +0.696 +0.687 +0.679 +0.670 +0.662 +0.652 +0.642 +0.633 +0.625 +0.616 +0.608 +0.599 +0.588 +0.581 +0.575 +0.568 +0.563 +0.558 +0.554 +0.549 +0.545 +0.541 +0.536
+0.740 +0.746 +0.752 +0.757 +0.763 +0.769 +0.774 +0.780 +0.783 +0.784 +0.788 +0.794 +0.800 +0.805 +0.808 +0.810 +0.813 +0.813 +0.812 +0.807 +0.802 +0.794 +0.783 +0.770 +0.757 +0.742 +0.727 +0.708 +0.694 +0.683 +0.674 +0.665 +0.654 +0.643 +0.635 +0.626 +0.617 +0.609 +0.599 +0.588 +0.580 +0.573 +0.567 +0.563 +0.558 +0.554 +0.549 +0.545 +0.540 +0.536
+0.737 +0.743 +0.748 +0.754 +0.760 +0.765 +0.771 +0.777 +0.782 +0.788 +0.793 +0.800 +0.811 +0.822 +0.825 +0.827 +0.829 +0.829 +0.828 +0.823 +0.818 +0.812 +0.802 +0.790 +0.773 +0.758 +0.742 +0.724 +0.704 +0.691 +0.678 +0.669 +0.656 +0.645 +0.636 +0.627 +0.619 +0.609 +0.599 +0.588 +0.579 +0.572 +0.567 +0.562 +0.558 +0.553 +0.549 +0.544 +0.540 +0.535
+0.734 +0.740 +0.745 +0.751 +0.757 +0.762 +0.768 +0.773 +0.779 +0.784 +0.795 +0.811 +0.822 +0.833 +0.842 +0.844 +0.845 +0.845 +0.844 +0.839 +0.834 +0.829 +0.821 +0.810 +0.794 +0.773 +0.755 +0.737 +0.715 +0.701 +0.687 +0.672 +0.658 +0.646 +0.637 +0.629 +0.619 +0.609 +0.599 +0.588 +0.578 +0.571 +0.566 +0.562 +0.557 +0.553 +0.548 +0.544 +0.539 +0.536
+0.731 +0.736 +0.742 +0.748 +0.753 +0.759 +0.764 +0.770 +0.775 +0.781 +0.794 +0.811 +0.829 +0.843 +0.854 +0.861 +0.861 +0.860 +0.860 +0.855 +0.850 +0.845 +0.838 +0.829 +0.813 +0.790 +0.770 +0.750 +0.729 +0.711 +0.697 +0.680 +0.662 +0.648 +0.638 +0.630 +0.619 +0.609 +0.599 +0.588 +0.577 +0.571 +0.566 +0.561 +0.557 +0.552 +0.548 +0.543 +0.539 +0.535
+0.728 +0.734 +0.739 +0.744 +0.750 +0.755 +0.761 +0.766 +0.772 +0.778 +0.792 +0.809 +0.827 +0.846 +0.864 +0.875 +0.876 +0.876 +0.876 +0.873 +0.866 +0.861 +0.853 +0.844 +0.830 +0.811 +0.785 +0.764 +0.742 +0.721 +0.707 +0.688 +0.670 +0.652 +0.640 +0.630 +0.619 +0.609 +0.598 +0.587 +0.576 +0.570 +0.565 +0.561 +0.556 +0.552 +0.547 +0.543 +0.537 +0.534
+0.722 +0.730 +0.736 +0.741 +0.746 +0.752 +0.758 +0.763 +0.769 +0.775 +0.790 +0.808 +0.826 +0.844 +0.862 +0.878 +0.892 +0.898 +0.909 +0.918 +0.909 +0.887 +0.868 +0.857 +0.846 +0.829 +0.806 +0.779 +0.756 +0.734 +0.717 +0.696 +0.677 +0.660 +0.642 +0.630 +0.619 +0.609 +0.598 +0.587 +0.576 +0.570 +0.565 +0.560 +0.556 +0.551 +0.546 +0.540 +0.534 +0.532
+0.717 +0.723 +0.730 +0.737 +0.744 +0.749 +0.754 +0.760 +0.765 +0.771 +0.787 +0.806 +0.824 +0.843 +0.860 +0.875 +0.903 +0.937 +0.976 +0.968 +0.946 +0.924 +0.901 +0.877 +0.860 +0.846 +0.827 +0.798 +0.769 +0.748 +0.725 +0.704 +0.684 +0.666 +0.647 +0.630 +0.619 +0.608 +0.597 +0.586 +0.575 +0.569 +0.565 +0.560 +0.554 +0.549 +0.543 +0.538 +0.532 +0.531
+0.714 +0.717 +0.723 +0.730 +0.737 +0.745 +0.751 +0.756 +0.762 +0.768 +0.778 +0.800 +0.822 +0.841 +0.857 +0.883 +0.911 +0.951 +0.984 +0.999 +0.983 +0.961 +0.939 +0.914 +0.890 +0.863 +0.845 +0.822 +0.783 +0.761 +0.733 +0.712 +0.692 +0.670 +0.651 +0.634 +0.618 +0.607 +0.597 +0.586 +0.575 +0.569 +0.563 +0.558 +0.552 +0.547 +0.541 +0.535 +0.531 +0.529
+0.710 +0.712 +0.716 +0.723 +0.730 +0.738 +0.745 +0.753 +0.759 +0.764 +0.770 +0.789 +0.812 +0.834 +0.862 +0.891 +0.910 +0.939 +0.975 +1.000 +1.000 +0.998 +0.976 +0.951 +0.927 +0.903 +0.863 +0.842 +0.805 +0.773 +0.740 +0.719 +0.694 +0.672 +0.652 +0.634 +0.618 +0.607 +0.596 +0.585 +0.573 +0.567 +0.561 +0.556 +0.550 +0.545 +0.539 +0.533 +0.529 +0.528
+0.707 +0.708 +0.711 +0.716 +0.723 +0.731 +0.738 +0.745 +0.753 +0.760 +0.766 +0.776 +0.799 +0.823 +0.858 +0.879 +0.900 +0.926 +0.963 +1.000 +1.000 +1.000 +1.000 +0.989 +0.964 +0.940 +0.915 +0.862 +0.826 +0.782 +0.748 +0.723 +0.697 +0.674 +0.653 +0.634 +0.618 +0.607 +0.595 +0.582 +0.571 +0.565 +0.559 +0.554 +0.548 +0.543 +0.537 +0.531 +0.527 +0.526
+0.705 +0.705 +0.706 +0.710 +0.716 +0.724 +0.731 +0.738 +0.746 +0.754 +0.761 +0.769 +0.787 +0.809 +0.836 +0.864 +0.885 +0.907 +0.941 +0.981 +1.000 +1.000 +1.000 +1.001 +0.998 +0.975 +0.949 +0.911 +0.849 +0.797 +0.755 +0.724 +0.698 +0.673 +0.652 +0.634 +0.616 +0.604 +0.591 +0.579 +0.569 +0.563 +0.557 +0.552 +0.546 +0.540 +0.535 +0.529 +0.526 +0.525
+0.702 +0.703 +0.703 +0.705 +0.710 +0.716 +0.724 +0.731 +0.739 +0.747 +0.754 +0.762 +0.774 +0.792 +0.814 +0.845 +0.870 +0.892 +0.914 +0.956 +0.988 +1.000 +1.001 +1.002 +1.002 +1.002 +0.990 +0.962 +0.888 +0.810 +0.757 +0.725 +0.698 +0.673 +0.649 +0.628 +0.613 +0.600 +0.588 +0.575 +0.567 +0.561 +0.555 +0.550 +0.544 +0.538 +0.533 +0.527 +0.524 +0.523
+0.700 +0.700 +0.701 +0.701 +0.704 +0.709 +0.717 +0.724 +0.732 +0.739 +0.746 +0.753 +0.765 +0.778 +0.797 +0.823 +0.854 +0.877 +0.898 +0.928 +0.965 +0.997 +1.002 +1.002 +1.002 +1.002 +1.002 +1.002 +0.933 +0.818 +0.758 +0.722 +0.693 +0.665 +0.644 +0.623 +0.610 +0.597 +0.585 +0.573 +0.565 +0.559 +0.553 +0.547 +0.542 +0.536 +0.531 +0.525 +0.523 +0.522
+0.698 +0.698 +0.698 +0.699 +0.700 +0.704 +0.709 +0.717 +0.724 +0.731 +0.738 +0.745 +0.756 +0.768 +0.782 +0.804 +0.833 +0.857 +0.881 +0.904 +0.938 +0.975 +1.003 +1.003 +1.003 +1.002 +1.002 +1.002 +0.944 +0.823 +0.749 +0.713 +0.684 +0.660 +0.638 +0.619 +0.606 +0.594 +0.581 +0.571 +0.563 +0.557 +0.551 +0.545 +0.539 +0.533 +0.527 +0.521 +0.520 +0.519
+0.696 +0.696 +0.696 +0.696 +0.697 +0.700 +0.703 +0.709 +0.716 +0.723 +0.730 +0.737 +0.746 +0.758 +0.772 +0.787 +0.813 +0.834 +0.858 +0.882 +0.914 +0.957 +0.984 +1.003 +1.003 +1.003 +1.003 +0.999 +0.904 +0.798 +0.739 +0.704 +0.675 +0.653 +0.631 +0.614 +0.601 +0.588 +0.575 +0.567 +0.559 +0.553 +0.547 +0.541 +0.535 +0.529 +0.523 +0.519 +0.519 +0.519
+0.694 +0.694 +0.694 +0.694 +0.695 +0.697 +0.700 +0.702 +0.707 +0.714 +0.722 +0.729 +0.736 +0.749 +0.762 +0.775 +0.793 +0.814 +0.835 +0.859 +0.883 +0.925 +0.952 +0.976 +0.993 +0.993 +0.979 +0.925 +0.833 +0.767 +0.712 +0.684 +0.664 +0.643 +0.621 +0.607 +0.594 +0.581 +0.570 +0.563 +0.555 +0.549 +0.543 +0.537 +0.531 +0.525 +0.520 +0.518 +0.518 +0.518
+0.691 +0.692 +0.692 +0.692 +0.692 +0.692 +0.694 +0.697 +0.700 +0.706 +0.713 +0.720 +0.727 +0.739 +0.751 +0.762 +0.772 +0.787 +0.803 +0.823 +0.843 +0.869 +0.895 +0.914 +0.923 +0.921 +0.893 +0.829 +0.788 +0.735 +0.690 +0.669 +0.649 +0.630 +0.613 +0.600 +0.587 +0.574 +0.566 +0.558 +0.551 +0.545 +0.539 +0.533 +0.527 +0.522 +0.518 +0.517 +0.517 +0.517
+0.689 +0.689 +0.689 +0.689 +0.689 +0.689 +0.688 +0.690 +0.692 +0.695 +0.700 +0.705 +0.710 +0.718 +0.730 +0.740 +0.749 +0.758 +0.771 +0.785 +0.800 +0.820 +0.829 +0.836 +0.843 +0.837 +0.798 +0.770 +0.742 +0.704 +0.674 +0.655 +0.635 +0.616 +0.604 +0.592 +0.580 +0.570 +0.562 +0.554 +0.547 +0.541 +0.535 +0.529 +0.525 +0.520 +0.516 +0.516 +0.516 +0.516
+0.684 +0.684 +0.684 +0.683 +0.682 +0.682 +0.681 +0.681 +0.682 +0.684 +0.686 +0.689 +0.693 +0.698 +0.709 +0.718 +0.727 +0.736 +0.745 +0.754 +0.761 +0.767 +0.770 +0.771 +0.774 +0.762 +0.748 +0.722 +0.702 +0.678 +0.655 +0.637 +0.619 +0.607 +0.595 +0.583 +0.573 +0.565 +0.558 +0.550 +0.543 +0.537 +0.532 +0.527 +0.523 +0.518 +0.515 +0.516 +0.516 +0.516
+0.678 +0.677 +0.677 +0.676 +0.676 +0.675 +0.675 +0.674 +0.674 +0.673 +0.676 +0.678 +0.680 +0.683 +0.688 +0.697 +0.705 +0.714 +0.719 +0.723 +0.727 +0.731 +0.734 +0.735 +0.727 +0.718 +0.705 +0.689 +0.674 +0.655 +0.637 +0.619 +0.606 +0.595 +0.584 +0.575 +0.568 +0.561 +0.553 +0.546 +0.539 +0.535 +0.530 +0.525 +0.521 +0.516 +0.515 +0.515 +0.515 +0.515
+0.671 +0.670 +0.670 +0.669 +0.669 +0.668 +0.668 +0.667 +0.667 +0.665 +0.665 +0.667 +0.669 +0.672 +0.675 +0.679 +0.683 +0.687 +0.691 +0.695 +0.699 +0.703 +0.706 +0.700 +0.692 +0.685 +0.674 +0.661 +0.647 +0.636 +0.618 +0.605 +0.594 +0.583 +0.574 +0.567 +0.561 +0.554 +0.548 +0.542 +0.537 +0.533 +0.528 +0.523 +0.519 +0.514 +0.514 +0.514 +0.514 +0.514
+0.664 +0.664 +0.663 +0.663 +0.662 +0.662 +0.661 +0.660 +0.659 +0.658 +0.657 +0.657 +0.659 +0.661 +0.663 +0.663 +0.665 +0.666 +0.669 +0.673 +0.677 +0.681 +0.679 +0.672 +0.664 +0.656 +0.646 +0.637 +0.628 +0.617 +0.604 +0.593 +0.582 +0.573 +0.567 +0.560 +0.554 +0.547 +0.542 +0.538 +0.534 +0.530 +0.526 +0.522 +0.517 +0.513 +0.513 +0.513 +0.513 +0.513
+0.657 +0.657 +0.656 +0.656 +0.655 +0.655 +0.654 +0.653 +0.652 +0.651 +0.650 +0.649 +0.647 +0.647 +0.648 +0.648 +0.649 +0.650 +0.652 +0.653 +0.657 +0.656 +0.651 +0.645 +0.640 +0.634 +0.625 +0.616 +0.608 +0.601 +0.592 +0.581 +0.573 +0.566 +0.559 +0.553 +0.547 +0.542 +0.538 +0.534 +0.530 +0.526 +0.523 +0.519 +0.515 +0.512 +0.512 +0.512 +0.512 +0.512
+0.651 +0.650 +0.650 +0.649 +0.648 +0.648 +0.647 +0.646 +0.645 +0.644 +0.642 +0.639 +0.637 +0.636 +0.635 +0.634 +0.634 +0.635 +0.636 +0.637 +0.637 +0.634 +0.630 +0.625 +0.620 +0.613 +0.607 +0.601 +0.595 +0.589 +0.580 +0.572 +0.565 +0.559 +0.553 +0.547 +0.543 +0.539 +0.535 +0.531 +0.527 +0.523 +0.519 +0.515 +0.511 +0.511 +0.511 +0.511 +0.511 +0.511
+0.647 +0.645 +0.644 +0.642 +0.642 +0.641 +0.640 +0.639 +0.637 +0.634 +0.632 +0.629 +0.628 +0.627 +0.626 +0.624 +0.623 +0.622 +0.621 +0.620 +0.618 +0.615 +0.612 +0.609 +0.606 +0.600 +0.594 +0.588 +0.582 +0.576 +0.571 +0.565 +0.558 +0.553 +0.548 +0.543 +0.539 +0.535 +0.531 +0.527 +0.523 +0.519 +0.515 +0.511 +0.510 +0.510 +0.510 +0.510 +0.510 +0.510
+0.643 +0.641 +0.640 +0.638 +0.636 +0.634 +0.632 +0.629 +0.627 +0.624 +0.622 +0.620 +0.619 +0.617 +0.616 +0.615 +0.614 +0.613 +0.611 +0.609 +0.606 +0.603 +0.600 +0.597 +0.593 +0.587 +0.581 +0.576 +0.572 +0.568 +0.564 +0.558 +0.553 +0.548 +0.543 +0.539 +0.535 +0.531 +0.528 +0.524 +0.520 +0.516 +0.512 +0.509 +0.509 +0.509 +0.509 +0.509 +0.509 +0.509
+0.639 +0.638 +0.636 +0.634 +0.632 +0.628 +0.625 +0.622 +0.619 +0.616 +0.613 +0.610 +0.609 +0.608 +0.607 +0.606 +0.605 +0.603 +0.600 +0.597 +0.594 +0.591 +0.588 +0.585 +0.580 +0.575 +0.572 +0.568 +0.565 +0.562 +0.559 +0.554 +0.548 +0.544 +0.540 +0.536 +0.532 +0.528 +0.524 +0.520 +0.516 +0.512 +0.508 +0.508 +0.508 +0.508 +0.508 +0.508 +0.508 +0.508
+0.635 +0.634 +0.631 +0.629 +0.626 +0.622 +0.619 +0.616 +0.613 +0.610 +0.607 +0.604 +0.602 +0.599 +0.598 +0.596 +0.594 +0.592 +0.589 +0.585 +0.582 +0.579 +0.576 +0.575 +0.571 +0.568 +0.565 +0.562 +0.560 +0.557 +0.554 +0.549 +0.544 +0.540 +0.536 +0.532 +0.528 +0.525 +0.521 +0.517 +0.513 +0.509 +0.508 +0.508 +0.508 +0.508 +0.508 +0.508 +0.508 +0.508
+0.631 +0.628 +0.626 +0.623 +0.620 +0.616 +0.613 +0.610 +0.607 +0.604 +0.601 +0.599 +0.596 +0.594 +0.591 +0.588 +0.586 +0.583 +0.580 +0.577 +0.574 +0.572 +0.570 +0.569 +0.566 +0.563 +0.560 +0.557 +0.554 +0.552 +0.549 +0.545 +0.541 +0.538 +0.534 +0.530 +0.526 +0.522 +0.518 +0.514 +0.510 +0.508 +0.508 +0.508 +0.508 +0.508 +0.508 +0.508 +0.508 +0.508
+0.625 +0.623 +0.620 +0.617 +0.614 +0.610 +0.607 +0.605 +0.602 +0.599 +0.596 +0.594 +0.591 +0.589 +0.586 +0.584 +0.582 +0.579 +0.576 +0.573 +0.570 +0.568 +0.566 +0.563 +0.561 +0.558 +0.555 +0.553 +0.550 +0.547 +0.545 +0.542 +0.539 +0.535 +0.531 +0.527 +0.523 +0.519 +0.516 +0.512 +0.508 +0.508 +0.508 +0.508 +0.508 +0.508 +0.508 +0.508 +0.508 +0.508
+0.620 +0.617 +0.614 +0.611 +0.608 +0.605 +0.602 +0.600 +0.597 +0.594 +0.591 +0.589 +0.587 +0.585 +0.583 +0.581 +0.579 +0.576 +0.572 +0.569 +0.566 +0.564 +0.562 +0.559 +0.556 +0.554 +0.551 +0.548 +0.546 +0.544 +0.542 +0.539 +0.536 +0.532 +0.528 +0.525 +0.521 +0.517 +0.513 +0.509 +0.508 +0.508 +0.508 +0.508 +0.508 +0.508 +0.508 +0.508 +0.508 +0.508
+0.615 +0.612 +0.609 +0.606 +0.603 +0.600 +0.597 +0.595 +0.592 +0.590 +0.588 +0.587 +0.585 +0.583 +0.581 +0.578 +0.575 +0.572 +0.569 +0.566 +0.563 +0.560 +0.558 +0.555 +0.552 +0.549 +0.547 +0.545 +0.543 +0.541 +0.539 +0.536 +0.533 +0.529 +0.526 +0.522 +0.518 +0.514 +0.510 +0.508 +0.508 +0.508 +0.508 +0.508 +0.508 +0.508 +0.508 +0.508 +0.508 +0.508
+0.610 +0.607 +0.604 +0.601 +0.598 +0.596 +0.594 +0.591 +0.589 +0.588 +0.586 +0.584 +0.582 +0.580 +0.578 +0.575 +0.572 +0.569 +0.566 +0.563 +0.560 +0.557 +0.554 +0.550 +0.548 +0.545 +0.543 +0.541 +0.539 +0.538 +0.536 +0.534 +0.530 +0.527 +0.523 +0.519 +0.516 +0.512 +0.508 +0.508 +0.508 +0.508 +0.508 +0.508 +0.508 +0.508 +0.508 +0.508 +0.508 +0.508
+0.605 +0.603 +0.600 +0.598 +0.596 +0.593 +0.591 +0.589 +0.587 +0.585 +0.584 +0.582 +0.580 +0.578 +0.575 +0.572 +0.569 +0.566 +0.563 +0.559 +0.556 +0.553 +0.549 +0.546 +0.544 +0.542 +0.540 +0.538 +0.536 +0.534 +0.532 +0.530 +0.527 +0.524 +0.520 +0.516 +0.513 +0.509 +0.508 +0.508 +0.508 +0.508 +0.508 +0.508 +0.508 +0.508 +0.508 +0.508 +0.508 +0.508
+0.603 +0.600 +0.598 +0.596 +0.593 +0.591 +0.589 +0.587 +0.585 +0.583 +0.581 +0.579 +0.577 +0.575 +0.572 +0.568 +0.565 +0.562 +0.559 +0.556 +0.553 +0.550 +0.546 +0.543 +0.541 +0.539 +0.537 +0.535 +0.533 +0.531 +0.529 +0.527 +0.525 +0.521 +0.517 +0.514 +0.510 +0.508 +0.508 +0.508 +0.508 +0.508 +0.508 +0.508 +0.508 +0.508 +0.508 +0.508 +0.508 +0.508
+0.601 +0.599 +0.596 +0.594 +0.591 +0.589 +0.586 +0.584 +0.582 +0.581 +0.579 +0.577 +0.574 +0.571 +0.568 +0.565 +0.563 +0.560 +0.557 +0.554 +0.551 +0.548 +0.544 +0.540 +0.538 +0.536 +0.534 +0.532 +0.530 +0.528 +0.526 +0.524 +0.522 +0.518 +0.515 +0.511 +0.508 +0.508 +0.508 +0.508 +0.508 +0.508 +0.508 +0.508 +0.508 +0.508 +0.508 +0.508 +0.508 +0.508
+0.599 +0.597 +0.594 +0.592 +0.589 +0.587 +0.584 +0.582 +0.581 +0.579 +0.577 +0.575 +0.572 +0.569 +0.566 +0.563 +0.560 +0.558 +0.555 +0.552 +0.549 +0.545 +0.541 +0.537 +0.535 +0.533 +0.531 +0.529 +0.527 +0.525 +0.523 +0.521 +0.519 +0.515 +0.512 +0.508 +0.508 +0.508 +0.508 +0.508 +0.508 +0.508 +0.508 +0.508 +0.508 +0.508 +0.508 +0.508 +0.508 +0.508
+0.598 +0.595 +0.593 +0.590 +0.588 +0.585 +0.583 +0.581 +0.579 +0.577 +0.575 +0.573 +0.570 +0.567 +0.564 +0.561 +0.558 +0.555 +0.553 +0.550 +0.547 +0.543 +0.538 +0.534 +0.532 +0.530 +0.528 +0.526 +0.524 +0.522 +0.520 +0.518 +0.516 +0.513 +0.509 +0.508 +0.508 +0.508 +0.508 +0.508 +0.508 +0.508 +0.508 +0.508 +0.508 +0.508 +0.508 +0.508 +0.508 +0.508
