+0.448 +0.450 +0.452 +0.453 +0.455 +0.456 +0.455 +0.455 +0.455 +0.455 +0.455 +0.456 +0.456 +0.458 +0.460 +0.463 +0.466 +0.469 +0.475 +0.482 +0.489 +0.496 +0.502 +0.507 +0.513 +0.519 +0.525 +0.531 +0.537 +0.543 +0.548 +0.554 +0.558 +0.559 +0.559 +0.558 +0.558 +0.558 +0.557 +0.557 +0.557 +0.556 +0.555 +0.556 +0.557 +0.559 +0.561 +0.563 +0.565 +0.567
+0.447 +0.450 +0.452 +0.454 +0.455 +0.457 +0.458 +0.457 +0.457 +0.456 +0.457 +0.457 +0.458 +0.459 +0.460 +0.463 +0.466 +0.469 +0.474 +0.481 +0.488 +0.495 +0.501 +0.507 +0.512 +0.518 +0.524 +0.531 +0.537 +0.542 +0.548 +0.553 +0.556 +0.557 +0.556 +0.556 +0.555 +0.555 +0.555 +0.555 +0.554 +0.553 +0.553 +0.554 +0.556 +0.558 +0.560 +0.562 +0.564 +0.567
+0.446 +0.449 +0.452 +0.454 +0.456 +0.457 +0.459 +0.459 +0.459 +0.458 +0.458 +0.459 +0.459 +0.460 +0.461 +0.464 +0.467 +0.469 +0.473 +0.480 +0.487 +0.494 +0.500 +0.506 +0.512 +0.518 +0.524 +0.530 +0.536 +0.541 +0.547 +0.552 +0.554 +0.554 +0.554 +0.553 +0.553 +0.553 +0.552 +0.552 +0.551 +0.550 +0.552 +0.553 +0.555 +0.557 +0.559 +0.561 +0.564 +0.567
+0.445 +0.448 +0.452 +0.454 +0.456 +0.458 +0.459 +0.461 +0.461 +0.461 +0.460 +0.460 +0.461 +0.461 +0.462 +0.464 +0.467 +0.470 +0.473 +0.479 +0.486 +0.494 +0.500 +0.505 +0.511 +0.517 +0.523 +0.529 +0.535 +0.540 +0.546 +0.551 +0.552 +0.552 +0.551 +0.551 +0.550 +0.550 +0.550 +0.549 +0.548 +0.549 +0.551 +0.553 +0.554 +0.556 +0.559 +0.561 +0.564 +0.567
+0.445 +0.447 +0.450 +0.454 +0.456 +0.459 +0.460 +0.461 +0.463 +0.463 +0.462 +0.462 +0.462 +0.463 +0.463 +0.465 +0.467 +0.470 +0.473 +0.478 +0.486 +0.493 +0.499 +0.505 +0.510 +0.516 +0.522 +0.529 +0.534 +0.540 +0.545 +0.549 +0.549 +0.549 +0.549 +0.548 +0.548 +0.548 +0.548 +0.546 +0.547 +0.548 +0.550 +0.552 +0.554 +0.556 +0.559 +0.562 +0.564 +0.567
+0.444 +0.447 +0.450 +0.452 +0.456 +0.459 +0.461 +0.462 +0.463 +0.465 +0.464 +0.464 +0.464 +0.464 +0.465 +0.466 +0.468 +0.471 +0.473 +0.478 +0.485 +0.492 +0.498 +0.504 +0.510 +0.516 +0.522 +0.528 +0.534 +0.539 +0.544 +0.547 +0.547 +0.547 +0.546 +0.546 +0.545 +0.545 +0.544 +0.544 +0.545 +0.547 +0.549 +0.551 +0.553 +0.556 +0.559 +0.562 +0.564 +0.567
+0.445 +0.447 +0.449 +0.452 +0.454 +0.458 +0.461 +0.463 +0.464 +0.466 +0.467 +0.466 +0.466 +0.466 +0.466 +0.467 +0.468 +0.471 +0.474 +0.477 +0.484 +0.491 +0.498 +0.503 +0.509 +0.515 +0.521 +0.527 +0.533 +0.538 +0.543 +0.545 +0.544 +0.544 +0.544 +0.543 +0.543 +0.542 +0.541 +0.543 +0.544 +0.546 +0.548 +0.551 +0.553 +0.556 +0.559 +0.562 +0.565 +0.568
+0.447 +0.448 +0.449 +0.451 +0.454 +0.456 +0.460 +0.463 +0.465 +0.466 +0.468 +0.468 +0.468 +0.468 +0.468 +0.468 +0.469 +0.471 +0.474 +0.477 +0.483 +0.490 +0.497 +0.503 +0.509 +0.514 +0.520 +0.527 +0.532 +0.538 +0.542 +0.542 +0.542 +0.541 +0.541 +0.541 +0.541 +0.539 +0.540 +0.542 +0.544 +0.546 +0.548 +0.551 +0.553 +0.556 +0.559 +0.562 +0.565 +0.568
+0.449 +0.449 +0.450 +0.452 +0.454 +0.456 +0.459 +0.462 +0.465 +0.467 +0.468 +0.470 +0.470 +0.469 +0.470 +0.470 +0.470 +0.472 +0.475 +0.478 +0.482 +0.489 +0.496 +0.502 +0.508 +0.514 +0.520 +0.526 +0.531 +0.537 +0.540 +0.540 +0.539 +0.539 +0.539 +0.539 +0.537 +0.538 +0.539 +0.541 +0.543 +0.545 +0.548 +0.551 +0.554 +0.556 +0.559 +0.562 +0.565 +0.568
+0.451 +0.452 +0.452 +0.453 +0.454 +0.456 +0.458 +0.461 +0.464 +0.467 +0.469 +0.470 +0.472 +0.472 +0.471 +0.471 +0.472 +0.473 +0.475 +0.478 +0.482 +0.488 +0.496 +0.501 +0.507 +0.513 +0.519 +0.525 +0.531 +0.536 +0.537 +0.537 +0.537 +0.536 +0.536 +0.536 +0.535 +0.536 +0.538 +0.540 +0.542 +0.545 +0.548 +0.551 +0.554 +0.557 +0.559 +0.562 +0.565 +0.568
+0.453 +0.454 +0.455 +0.456 +0.456 +0.457 +0.458 +0.461 +0.463 +0.466 +0.469 +0.471 +0.472 +0.474 +0.473 +0.473 +0.473 +0.474 +0.476 +0.478 +0.481 +0.488 +0.495 +0.501 +0.507 +0.512 +0.519 +0.524 +0.530 +0.534 +0.535 +0.535 +0.534 +0.534 +0.534 +0.532 +0.534 +0.536 +0.538 +0.540 +0.542 +0.545 +0.548 +0.551 +0.554 +0.557 +0.559 +0.562 +0.565 +0.568
+0.456 +0.456 +0.457 +0.457 +0.458 +0.459 +0.459 +0.460 +0.463 +0.465 +0.468 +0.471 +0.473 +0.474 +0.476 +0.475 +0.475 +0.476 +0.476 +0.479 +0.482 +0.487 +0.494 +0.500 +0.506 +0.512 +0.518 +0.524 +0.529 +0.532 +0.532 +0.532 +0.532 +0.532 +0.530 +0.531 +0.533 +0.535 +0.537 +0.540 +0.543 +0.545 +0.548 +0.551 +0.554 +0.557 +0.560 +0.563 +0.566 +0.568
+0.459 +0.459 +0.459 +0.460 +0.460 +0.461 +0.462 +0.462 +0.463 +0.465 +0.467 +0.470 +0.473 +0.475 +0.477 +0.477 +0.477 +0.477 +0.478 +0.479 +0.482 +0.486 +0.493 +0.499 +0.505 +0.511 +0.517 +0.523 +0.528 +0.530 +0.530 +0.529 +0.529 +0.529 +0.529 +0.530 +0.532 +0.534 +0.537 +0.540 +0.543 +0.546 +0.548 +0.551 +0.554 +0.557 +0.560 +0.563 +0.565 +0.568
+0.462 +0.462 +0.462 +0.463 +0.463 +0.463 +0.463 +0.464 +0.465 +0.466 +0.467 +0.470 +0.473 +0.476 +0.477 +0.479 +0.479 +0.479 +0.479 +0.480 +0.482 +0.485 +0.492 +0.499 +0.505 +0.510 +0.517 +0.522 +0.527 +0.528 +0.527 +0.527 +0.527 +0.526 +0.527 +0.529 +0.532 +0.534 +0.537 +0.540 +0.543 +0.546 +0.548 +0.551 +0.554 +0.557 +0.560 +0.562 +0.565 +0.567
+0.466 +0.465 +0.466 +0.466 +0.466 +0.466 +0.466 +0.466 +0.467 +0.468 +0.468 +0.469 +0.472 +0.475 +0.478 +0.479 +0.481 +0.481 +0.481 +0.481 +0.483 +0.486 +0.491 +0.498 +0.504 +0.510 +0.516 +0.522 +0.525 +0.525 +0.525 +0.525 +0.523 +0.525 +0.527 +0.529 +0.532 +0.534 +0.537 +0.540 +0.543 +0.546 +0.549 +0.552 +0.554 +0.557 +0.559 +0.561 +0.564 +0.566
+0.471 +0.470 +0.470 +0.469 +0.469 +0.469 +0.469 +0.469 +0.469 +0.470 +0.471 +0.471 +0.472 +0.474 +0.477 +0.480 +0.481 +0.483 +0.482 +0.483 +0.484 +0.486 +0.490 +0.497 +0.503 +0.509 +0.515 +0.521 +0.523 +0.523 +0.522 +0.522 +0.522 +0.524 +0.526 +0.529 +0.532 +0.535 +0.537 +0.540 +0.543 +0.546 +0.549 +0.551 +0.554 +0.556 +0.558 +0.560 +0.562 +0.565
+0.478 +0.477 +0.475 +0.474 +0.473 +0.472 +0.472 +0.472 +0.472 +0.472 +0.473 +0.473 +0.474 +0.474 +0.476 +0.479 +0.482 +0.483 +0.485 +0.484 +0.485 +0.487 +0.490 +0.497 +0.503 +0.508 +0.514 +0.520 +0.520 +0.520 +0.520 +0.519 +0.521 +0.523 +0.526 +0.529 +0.532 +0.535 +0.537 +0.541 +0.543 +0.546 +0.548 +0.550 +0.553 +0.555 +0.557 +0.559 +0.561 +0.562
+0.483 +0.482 +0.481 +0.480 +0.479 +0.478 +0.477 +0.476 +0.475 +0.475 +0.475 +0.476 +0.476 +0.477 +0.477 +0.478 +0.481 +0.484 +0.486 +0.486 +0.486 +0.487 +0.490 +0.496 +0.502 +0.508 +0.514 +0.518 +0.518 +0.517 +0.517 +0.518 +0.521 +0.523 +0.526 +0.529 +0.532 +0.535 +0.538 +0.540 +0.543 +0.545 +0.547 +0.549 +0.551 +0.553 +0.555 +0.556 +0.558 +0.559
+0.488 +0.487 +0.486 +0.485 +0.485 +0.484 +0.483 +0.481 +0.480 +0.479 +0.478 +0.479 +0.479 +0.479 +0.479 +0.480 +0.481 +0.483 +0.486 +0.488 +0.488 +0.488 +0.490 +0.495 +0.501 +0.507 +0.513 +0.516 +0.515 +0.515 +0.516 +0.518 +0.521 +0.524 +0.526 +0.529 +0.532 +0.535 +0.537 +0.539 +0.542 +0.544 +0.546 +0.547 +0.549 +0.550 +0.551 +0.553 +0.554 +0.555
+0.493 +0.492 +0.491 +0.490 +0.489 +0.489 +0.488 +0.487 +0.486 +0.485 +0.484 +0.483 +0.482 +0.482 +0.482 +0.482 +0.483 +0.483 +0.485 +0.488 +0.490 +0.490 +0.491 +0.494 +0.501 +0.507 +0.512 +0.513 +0.513 +0.513 +0.515 +0.518 +0.521 +0.524 +0.527 +0.529 +0.532 +0.534 +0.536 +0.538 +0.540 +0.541 +0.543 +0.544 +0.545 +0.546 +0.547 +0.549 +0.550 +0.552
+0.499 +0.498 +0.497 +0.496 +0.495 +0.494 +0.493 +0.492 +0.491 +0.490 +0.490 +0.489 +0.488 +0.486 +0.485 +0.485 +0.485 +0.486 +0.486 +0.488 +0.490 +0.492 +0.492 +0.494 +0.500 +0.506 +0.511 +0.511 +0.510 +0.512 +0.515 +0.518 +0.521 +0.524 +0.526 +0.528 +0.530 +0.532 +0.534 +0.535 +0.536 +0.538 +0.539 +0.540 +0.542 +0.543 +0.544 +0.545 +0.547 +0.548
+0.503 +0.502 +0.502 +0.501 +0.500 +0.499 +0.499 +0.498 +0.497 +0.496 +0.495 +0.494 +0.493 +0.492 +0.491 +0.490 +0.489 +0.489 +0.489 +0.489 +0.490 +0.493 +0.494 +0.494 +0.499 +0.505 +0.508 +0.508 +0.510 +0.512 +0.515 +0.518 +0.521 +0.523 +0.525 +0.526 +0.528 +0.529 +0.530 +0.531 +0.533 +0.534 +0.535 +0.537 +0.538 +0.539 +0.540 +0.541 +0.543 +0.544
+0.507 +0.507 +0.506 +0.505 +0.505 +0.504 +0.503 +0.502 +0.502 +0.501 +0.500 +0.499 +0.498 +0.497 +0.496 +0.495 +0.495 +0.494 +0.493 +0.492 +0.492 +0.492 +0.495 +0.495 +0.499 +0.505 +0.506 +0.507 +0.510 +0.513 +0.515 +0.517 +0.519 +0.520 +0.521 +0.523 +0.524 +0.525 +0.527 +0.528 +0.529 +0.530 +0.531 +0.532 +0.533 +0.534 +0.535 +0.536 +0.537 +0.538
+0.511 +0.511 +0.510 +0.509 +0.508 +0.508 +0.507 +0.506 +0.506 +0.505 +0.504 +0.504 +0.503 +0.502 +0.501 +0.501 +0.500 +0.499 +0.498 +0.497 +0.496 +0.495 +0.495 +0.497 +0.498 +0.504 +0.504 +0.507 +0.509 +0.511 +0.513 +0.514 +0.515 +0.516 +0.518 +0.519 +0.520 +0.521 +0.522 +0.523 +0.524 +0.525 +0.526 +0.527 +0.528 +0.530 +0.531 +0.532 +0.533 +0.535
+0.515 +0.514 +0.513 +0.513 +0.512 +0.511 +0.511 +0.510 +0.509 +0.509 +0.508 +0.507 +0.507 +0.506 +0.505 +0.505 +0.504 +0.503 +0.503 +0.502 +0.501 +0.500 +0.500 +0.499 +0.499 +0.501 +0.504 +0.505 +0.506 +0.507 +0.508 +0.509 +0.511 +0.512 +0.513 +0.514 +0.516 +0.517 +0.518 +0.519 +0.521 +0.522 +0.523 +0.524 +0.525 +0.527 +0.528 +0.529 +0.530 +0.532
+0.516 +0.515 +0.515 +0.514 +0.513 +0.513 +0.512 +0.511 +0.511 +0.510 +0.509 +0.509 +0.508 +0.507 +0.507 +0.506 +0.505 +0.505 +0.504 +0.503 +0.503 +0.502 +0.501 +0.500 +0.499 +0.499 +0.499 +0.501 +0.502 +0.503 +0.504 +0.506 +0.507 +0.508 +0.510 +0.511 +0.512 +0.513 +0.514 +0.516 +0.517 +0.518 +0.519 +0.520 +0.521 +0.523 +0.524 +0.525 +0.526 +0.528
+0.516 +0.515 +0.514 +0.514 +0.513 +0.512 +0.512 +0.511 +0.510 +0.509 +0.509 +0.508 +0.507 +0.507 +0.506 +0.505 +0.504 +0.503 +0.502 +0.501 +0.500 +0.499 +0.498 +0.496 +0.497 +0.495 +0.497 +0.498 +0.497 +0.498 +0.499 +0.500 +0.502 +0.503 +0.504 +0.506 +0.507 +0.508 +0.510 +0.511 +0.512 +0.513 +0.515 +0.516 +0.517 +0.519 +0.520 +0.521 +0.523 +0.524
+0.515 +0.514 +0.513 +0.513 +0.512 +0.511 +0.511 +0.510 +0.509 +0.509 +0.508 +0.507 +0.506 +0.504 +0.503 +0.502 +0.501 +0.500 +0.499 +0.498 +0.497 +0.495 +0.494 +0.495 +0.494 +0.492 +0.493 +0.495 +0.496 +0.496 +0.495 +0.496 +0.497 +0.498 +0.499 +0.500 +0.501 +0.503 +0.504 +0.505 +0.507 +0.508 +0.509 +0.511 +0.512 +0.513 +0.515 +0.516 +0.517 +0.518
+0.514 +0.513 +0.513 +0.512 +0.511 +0.510 +0.509 +0.508 +0.507 +0.505 +0.504 +0.503 +0.502 +0.501 +0.500 +0.499 +0.499 +0.498 +0.496 +0.494 +0.493 +0.492 +0.493 +0.493 +0.491 +0.489 +0.489 +0.492 +0.493 +0.495 +0.495 +0.494 +0.493 +0.493 +0.494 +0.495 +0.496 +0.497 +0.499 +0.500 +0.501 +0.503 +0.504 +0.505 +0.507 +0.508 +0.509 +0.511 +0.512 +0.513
+0.512 +0.511 +0.510 +0.509 +0.508 +0.506 +0.505 +0.504 +0.503 +0.502 +0.501 +0.500 +0.499 +0.499 +0.498 +0.497 +0.495 +0.493 +0.492 +0.490 +0.489 +0.490 +0.492 +0.491 +0.488 +0.487 +0.485 +0.488 +0.490 +0.491 +0.493 +0.494 +0.493 +0.492 +0.491 +0.491 +0.492 +0.493 +0.494 +0.495 +0.496 +0.497 +0.498 +0.500 +0.501 +0.502 +0.504 +0.505 +0.506 +0.508
+0.509 +0.508 +0.506 +0.505 +0.504 +0.503 +0.502 +0.501 +0.500 +0.499 +0.499 +0.498 +0.497 +0.496 +0.495 +0.492 +0.491 +0.489 +0.488 +0.487 +0.488 +0.489 +0.490 +0.488 +0.486 +0.484 +0.482 +0.483 +0.486 +0.488 +0.489 +0.492 +0.492 +0.492 +0.491 +0.490 +0.489 +0.489 +0.490 +0.491 +0.492 +0.493 +0.494 +0.495 +0.496 +0.497 +0.498 +0.500 +0.501 +0.502
+0.505 +0.504 +0.503 +0.502 +0.501 +0.500 +0.500 +0.499 +0.498 +0.497 +0.496 +0.495 +0.494 +0.492 +0.490 +0.488 +0.487 +0.485 +0.484 +0.485 +0.487 +0.488 +0.487 +0.485 +0.483 +0.481 +0.479 +0.479 +0.482 +0.484 +0.486 +0.487 +0.490 +0.491 +0.491 +0.490 +0.489 +0.488 +0.487 +0.487 +0.487 +0.488 +0.489 +0.490 +0.491 +0.492 +0.493 +0.495 +0.496 +0.497
+0.502 +0.501 +0.500 +0.500 +0.499 +0.498 +0.497 +0.497 +0.495 +0.494 +0.493 +0.491 +0.488 +0.487 +0.486 +0.484 +0.483 +0.482 +0.483 +0.484 +0.486 +0.486 +0.484 +0.482 +0.480 +0.478 +0.476 +0.476 +0.477 +0.480 +0.483 +0.485 +0.486 +0.488 +0.489 +0.489 +0.489 +0.488 +0.487 +0.486 +0.485 +0.485 +0.485 +0.486 +0.487 +0.488 +0.489 +0.490 +0.491 +0.492
+0.500 +0.499 +0.498 +0.498 +0.497 +0.496 +0.495 +0.493 +0.492 +0.490 +0.488 +0.486 +0.485 +0.483 +0.482 +0.480 +0.480 +0.480 +0.482 +0.483 +0.485 +0.484 +0.482 +0.479 +0.477 +0.476 +0.473 +0.472 +0.474 +0.476 +0.479 +0.481 +0.483 +0.484 +0.486 +0.488 +0.488 +0.488 +0.487 +0.486 +0.485 +0.484 +0.483 +0.483 +0.483 +0.484 +0.485 +0.486 +0.487 +0.488
+0.498 +0.497 +0.496 +0.495 +0.494 +0.493 +0.491 +0.490 +0.487 +0.485 +0.484 +0.482 +0.481 +0.479 +0.478 +0.477 +0.478 +0.479 +0.481 +0.482 +0.483 +0.481 +0.479 +0.476 +0.475 +0.473 +0.470 +0.468 +0.470 +0.471 +0.474 +0.477 +0.479 +0.481 +0.482 +0.484 +0.486 +0.486 +0.486 +0.486 +0.485 +0.484 +0.483 +0.482 +0.481 +0.481 +0.481 +0.482 +0.482 +0.483
+0.495 +0.494 +0.493 +0.492 +0.490 +0.489 +0.486 +0.484 +0.483 +0.482 +0.480 +0.478 +0.477 +0.475 +0.475 +0.475 +0.476 +0.478 +0.480 +0.481 +0.480 +0.478 +0.476 +0.474 +0.472 +0.470 +0.468 +0.465 +0.466 +0.468 +0.470 +0.473 +0.475 +0.478 +0.479 +0.480 +0.482 +0.485 +0.485 +0.485 +0.485 +0.484 +0.483 +0.482 +0.481 +0.480 +0.479 +0.479 +0.479 +0.479
+0.492 +0.491 +0.490 +0.488 +0.486 +0.483 +0.482 +0.480 +0.479 +0.477 +0.476 +0.474 +0.473 +0.472 +0.473 +0.474 +0.476 +0.477 +0.479 +0.479 +0.477 +0.475 +0.473 +0.471 +0.469 +0.468 +0.465 +0.462 +0.462 +0.464 +0.466 +0.469 +0.472 +0.473 +0.476 +0.477 +0.478 +0.480 +0.483 +0.483 +0.484 +0.484 +0.483 +0.482 +0.481 +0.480 +0.479 +0.478 +0.478 +0.477
+0.489 +0.487 +0.485 +0.482 +0.480 +0.479 +0.478 +0.476 +0.475 +0.473 +0.472 +0.471 +0.470 +0.470 +0.471 +0.473 +0.475 +0.476 +0.478 +0.477 +0.474 +0.473 +0.470 +0.468 +0.466 +0.465 +0.462 +0.460 +0.459 +0.460 +0.462 +0.464 +0.467 +0.470 +0.472 +0.474 +0.475 +0.476 +0.478 +0.481 +0.482 +0.482 +0.482 +0.482 +0.481 +0.480 +0.479 +0.478 +0.477 +0.476
+0.484 +0.482 +0.479 +0.478 +0.477 +0.476 +0.474 +0.472 +0.470 +0.469 +0.468 +0.467 +0.468 +0.469 +0.471 +0.472 +0.474 +0.475 +0.475 +0.474 +0.472 +0.470 +0.467 +0.465 +0.464 +0.462 +0.460 +0.457 +0.455 +0.456 +0.458 +0.460 +0.463 +0.466 +0.468 +0.470 +0.472 +0.473 +0.474 +0.477 +0.479 +0.480 +0.481 +0.481 +0.481 +0.480 +0.479 +0.478 +0.477 +0.476
+0.479 +0.477 +0.476 +0.475 +0.473 +0.471 +0.470 +0.468 +0.467 +0.466 +0.465 +0.465 +0.466 +0.468 +0.470 +0.471 +0.473 +0.474 +0.473 +0.471 +0.469 +0.467 +0.465 +0.463 +0.461 +0.459 +0.457 +0.454 +0.452 +0.453 +0.454 +0.456 +0.458 +0.461 +0.464 +0.466 +0.469 +0.470 +0.471 +0.472 +0.475 +0.477 +0.479 +0.479 +0.479 +0.479 +0.479 +0.478 +0.477 +0.476
+0.475 +0.473 +0.472 +0.470 +0.469 +0.467 +0.465 +0.464 +0.463 +0.463 +0.463 +0.464 +0.465 +0.467 +0.469 +0.470 +0.472 +0.472 +0.470 +0.468 +0.466 +0.464 +0.462 +0.460 +0.458 +0.457 +0.454 +0.452 +0.449 +0.449 +0.451 +0.452 +0.454 +0.457 +0.460 +0.462 +0.464 +0.467 +0.468 +0.469 +0.470 +0.473 +0.475 +0.477 +0.478 +0.478 +0.478 +0.478 +0.477 +0.476
+0.471 +0.470 +0.468 +0.466 +0.465 +0.463 +0.462 +0.461 +0.460 +0.460 +0.461 +0.463 +0.465 +0.466 +0.468 +0.469 +0.470 +0.470 +0.468 +0.465 +0.464 +0.461 +0.459 +0.457 +0.455 +0.454 +0.452 +0.449 +0.446 +0.445 +0.447 +0.448 +0.450 +0.452 +0.456 +0.459 +0.461 +0.463 +0.465 +0.466 +0.467 +0.468 +0.471 +0.473 +0.476 +0.476 +0.477 +0.477 +0.477 +0.476
+0.467 +0.465 +0.464 +0.462 +0.461 +0.459 +0.459 +0.458 +0.458 +0.459 +0.460 +0.462 +0.464 +0.465 +0.467 +0.468 +0.468 +0.467 +0.465 +0.463 +0.461 +0.458 +0.456 +0.455 +0.453 +0.451 +0.449 +0.446 +0.444 +0.442 +0.443 +0.445 +0.446 +0.448 +0.451 +0.454 +0.457 +0.459 +0.461 +0.463 +0.464 +0.465 +0.466 +0.469 +0.471 +0.474 +0.475 +0.475 +0.475 +0.475
+0.463 +0.461 +0.459 +0.458 +0.457 +0.456 +0.456 +0.455 +0.456 +0.458 +0.459 +0.461 +0.463 +0.464 +0.466 +0.467 +0.466 +0.464 +0.462 +0.460 +0.458 +0.456 +0.454 +0.452 +0.450 +0.449 +0.446 +0.444 +0.441 +0.439 +0.439 +0.441 +0.442 +0.444 +0.446 +0.450 +0.453 +0.455 +0.457 +0.460 +0.461 +0.462 +0.463 +0.464 +0.467 +0.470 +0.472 +0.473 +0.474 +0.474
+0.459 +0.457 +0.456 +0.455 +0.454 +0.453 +0.453 +0.454 +0.455 +0.457 +0.459 +0.460 +0.462 +0.463 +0.465 +0.465 +0.463 +0.461 +0.459 +0.457 +0.455 +0.453 +0.451 +0.449 +0.447 +0.446 +0.444 +0.441 +0.438 +0.436 +0.436 +0.437 +0.439 +0.440 +0.442 +0.445 +0.448 +0.451 +0.453 +0.455 +0.458 +0.460 +0.460 +0.461 +0.462 +0.465 +0.468 +0.470 +0.472 +0.472
+0.454 +0.453 +0.452 +0.452 +0.451 +0.450 +0.451 +0.453 +0.454 +0.456 +0.458 +0.459 +0.461 +0.462 +0.463 +0.462 +0.461 +0.458 +0.457 +0.454 +0.452 +0.450 +0.448 +0.446 +0.444 +0.443 +0.441 +0.438 +0.436 +0.433 +0.432 +0.434 +0.435 +0.437 +0.438 +0.440 +0.444 +0.447 +0.450 +0.452 +0.454 +0.456 +0.458 +0.458 +0.459 +0.460 +0.463 +0.466 +0.468 +0.470
+0.451 +0.450 +0.449 +0.448 +0.448 +0.449 +0.450 +0.452 +0.454 +0.455 +0.457 +0.458 +0.460 +0.461 +0.461 +0.460 +0.458 +0.456 +0.454 +0.452 +0.449 +0.447 +0.445 +0.444 +0.442 +0.440 +0.438 +0.436 +0.433 +0.431 +0.429 +0.430 +0.431 +0.433 +0.434 +0.436 +0.439 +0.443 +0.446 +0.448 +0.450 +0.452 +0.455 +0.456 +0.456 +0.457 +0.459 +0.461 +0.464 +0.466
+0.447 +0.447 +0.446 +0.445 +0.447 +0.448 +0.449 +0.451 +0.453 +0.454 +0.456 +0.457 +0.459 +0.460 +0.459 +0.457 +0.455 +0.453 +0.451 +0.449 +0.446 +0.444 +0.443 +0.441 +0.439 +0.438 +0.436 +0.433 +0.431 +0.428 +0.426 +0.426 +0.428 +0.429 +0.431 +0.432 +0.435 +0.438 +0.441 +0.444 +0.446 +0.448 +0.451 +0.453 +0.454 +0.454 +0.455 +0.457 +0.459 +0.462
+0.444 +0.444 +0.443 +0.444 +0.445 +0.447 +0.448 +0.450 +0.452 +0.453 +0.455 +0.456 +0.458 +0.458 +0.456 +0.454 +0.452 +0.450 +0.448 +0.446 +0.444 +0.442 +0.440 +0.438 +0.436 +0.435 +0.433 +0.430 +0.428 +0.425 +0.423 +0.422 +0.424 +0.426 +0.427 +0.428 +0.430 +0.433 +0.437 +0.440 +0.443 +0.444 +0.446 +0.449 +0.451 +0.452 +0.452 +0.453 +0.455 +0.457
+0.441 +0.441 +0.442 +0.443 +0.444 +0.446 +0.448 +0.449 +0.451 +0.452 +0.454 +0.455 +0.456 +0.455 +0.454 +0.452 +0.449 +0.448 +0.445 +0.443 +0.441 +0.439 +0.437 +0.435 +0.434 +0.432 +0.430 +0.428 +0.425 +0.423 +0.420 +0.419 +0.420 +0.422 +0.423 +0.425 +0.426 +0.429 +0.432 +0.435 +0.438 +0.441 +0.443 +0.445 +0.447 +0.449 +0.450 +0.450 +0.452 +0.453
