-0.149 -0.158 -0.167 -0.177 -0.188 -0.199 -0.207 -0.211 -0.215 -0.219 -0.220 -0.217 -0.214 -0.207 -0.200 -0.192 -0.184 -0.182 -0.178 -0.170 -0.157 -0.141 -0.129 -0.122 -0.114 -0.111 -0.116 -0.130 -0.140 -0.151 -0.163 -0.175 -0.187 -0.199 -0.210 -0.222 -0.231 -0.240 -0.249 -0.260 -0.271 -0.283 -0.291 -0.297 -0.302 -0.308 -0.311 -0.313 -0.317 -0.323
-0.130 -0.140 -0.148 -0.158 -0.168 -0.179 -0.190 -0.196 -0.201 -0.204 -0.208 -0.206 -0.203 -0.197 -0.190 -0.183 -0.175 -0.170 -0.168 -0.162 -0.148 -0.133 -0.120 -0.113 -0.105 -0.102 -0.107 -0.121 -0.131 -0.142 -0.155 -0.168 -0.181 -0.192 -0.204 -0.215 -0.224 -0.233 -0.242 -0.252 -0.264 -0.274 -0.280 -0.285 -0.291 -0.296 -0.298 -0.301 -0.307 -0.314
-0.113 -0.121 -0.131 -0.138 -0.148 -0.158 -0.169 -0.181 -0.186 -0.189 -0.193 -0.195 -0.192 -0.188 -0.181 -0.174 -0.166 -0.159 -0.157 -0.152 -0.139 -0.124 -0.111 -0.104 -0.097 -0.092 -0.098 -0.112 -0.121 -0.134 -0.147 -0.162 -0.174 -0.185 -0.197 -0.207 -0.216 -0.224 -0.235 -0.244 -0.256 -0.262 -0.268 -0.274 -0.279 -0.283 -0.286 -0.291 -0.298 -0.303
-0.095 -0.105 -0.113 -0.122 -0.129 -0.139 -0.149 -0.161 -0.170 -0.175 -0.178 -0.182 -0.181 -0.178 -0.171 -0.164 -0.156 -0.148 -0.145 -0.142 -0.130 -0.116 -0.102 -0.095 -0.087 -0.083 -0.089 -0.103 -0.112 -0.125 -0.140 -0.155 -0.167 -0.179 -0.190 -0.199 -0.208 -0.216 -0.226 -0.237 -0.245 -0.251 -0.257 -0.262 -0.267 -0.270 -0.274 -0.282 -0.286 -0.290
-0.078 -0.087 -0.096 -0.104 -0.113 -0.119 -0.129 -0.140 -0.152 -0.160 -0.164 -0.167 -0.170 -0.167 -0.162 -0.154 -0.147 -0.138 -0.133 -0.132 -0.123 -0.107 -0.093 -0.085 -0.078 -0.074 -0.080 -0.094 -0.104 -0.117 -0.134 -0.148 -0.160 -0.172 -0.182 -0.192 -0.199 -0.208 -0.217 -0.228 -0.234 -0.240 -0.245 -0.251 -0.254 -0.258 -0.265 -0.268 -0.273 -0.278
-0.060 -0.069 -0.078 -0.087 -0.096 -0.103 -0.109 -0.120 -0.131 -0.144 -0.149 -0.153 -0.156 -0.156 -0.151 -0.145 -0.138 -0.129 -0.122 -0.119 -0.113 -0.099 -0.083 -0.076 -0.069 -0.065 -0.072 -0.084 -0.095 -0.109 -0.128 -0.142 -0.153 -0.165 -0.174 -0.184 -0.190 -0.199 -0.210 -0.217 -0.223 -0.228 -0.234 -0.239 -0.242 -0.247 -0.251 -0.255 -0.262 -0.270
-0.045 -0.051 -0.060 -0.069 -0.078 -0.087 -0.094 -0.100 -0.110 -0.122 -0.133 -0.138 -0.142 -0.144 -0.140 -0.135 -0.128 -0.120 -0.111 -0.107 -0.103 -0.090 -0.075 -0.067 -0.060 -0.056 -0.063 -0.075 -0.087 -0.102 -0.122 -0.135 -0.147 -0.157 -0.167 -0.174 -0.181 -0.191 -0.200 -0.206 -0.211 -0.217 -0.223 -0.226 -0.230 -0.233 -0.238 -0.245 -0.253 -0.260
-0.035 -0.038 -0.042 -0.051 -0.060 -0.070 -0.079 -0.085 -0.090 -0.101 -0.114 -0.123 -0.127 -0.130 -0.129 -0.124 -0.118 -0.110 -0.101 -0.094 -0.091 -0.081 -0.066 -0.058 -0.051 -0.048 -0.054 -0.065 -0.079 -0.096 -0.116 -0.128 -0.140 -0.149 -0.159 -0.165 -0.173 -0.183 -0.189 -0.194 -0.200 -0.206 -0.211 -0.213 -0.216 -0.221 -0.228 -0.236 -0.243 -0.251
-0.025 -0.028 -0.030 -0.034 -0.042 -0.051 -0.061 -0.070 -0.076 -0.081 -0.092 -0.105 -0.112 -0.115 -0.117 -0.114 -0.108 -0.101 -0.092 -0.084 -0.078 -0.070 -0.057 -0.048 -0.041 -0.039 -0.045 -0.056 -0.071 -0.091 -0.109 -0.121 -0.132 -0.142 -0.150 -0.155 -0.164 -0.171 -0.177 -0.183 -0.189 -0.195 -0.196 -0.199 -0.205 -0.211 -0.218 -0.226 -0.233 -0.241
-0.016 -0.018 -0.020 -0.023 -0.026 -0.033 -0.042 -0.052 -0.061 -0.066 -0.071 -0.084 -0.097 -0.100 -0.103 -0.103 -0.098 -0.092 -0.083 -0.074 -0.066 -0.060 -0.048 -0.039 -0.032 -0.030 -0.037 -0.048 -0.064 -0.085 -0.103 -0.114 -0.124 -0.134 -0.139 -0.146 -0.154 -0.160 -0.166 -0.172 -0.178 -0.180 -0.183 -0.189 -0.195 -0.201 -0.208 -0.216 -0.223 -0.229
-0.011 -0.011 -0.011 -0.013 -0.016 -0.019 -0.024 -0.033 -0.044 -0.052 -0.057 -0.063 -0.075 -0.086 -0.088 -0.090 -0.087 -0.082 -0.075 -0.065 -0.055 -0.050 -0.037 -0.029 -0.023 -0.021 -0.029 -0.040 -0.059 -0.079 -0.096 -0.107 -0.117 -0.124 -0.129 -0.138 -0.143 -0.149 -0.155 -0.161 -0.163 -0.168 -0.173 -0.179 -0.184 -0.191 -0.199 -0.206 -0.211 -0.215
-0.007 -0.006 -0.006 -0.006 -0.006 -0.009 -0.012 -0.016 -0.024 -0.035 -0.042 -0.048 -0.054 -0.067 -0.074 -0.075 -0.076 -0.071 -0.066 -0.056 -0.045 -0.038 -0.027 -0.018 -0.013 -0.013 -0.021 -0.032 -0.053 -0.073 -0.089 -0.099 -0.108 -0.114 -0.120 -0.126 -0.132 -0.138 -0.143 -0.147 -0.152 -0.157 -0.163 -0.169 -0.174 -0.181 -0.188 -0.192 -0.196 -0.200
-0.009 -0.006 -0.002 -0.001 -0.001 -0.001 -0.001 -0.004 -0.009 -0.015 -0.026 -0.033 -0.040 -0.046 -0.058 -0.061 -0.062 -0.060 -0.056 -0.048 -0.035 -0.026 -0.017 -0.008 -0.003 -0.005 -0.013 -0.026 -0.047 -0.067 -0.082 -0.091 -0.098 -0.104 -0.110 -0.115 -0.121 -0.126 -0.130 -0.136 -0.142 -0.147 -0.153 -0.159 -0.165 -0.170 -0.174 -0.178 -0.181 -0.184
-0.008 -0.006 -0.003 +0.000 +0.003 +0.004 +0.004 +0.005 +0.004 -0.001 -0.007 -0.017 -0.024 -0.031 -0.037 -0.047 -0.048 -0.048 -0.045 -0.039 -0.027 -0.016 -0.007 +0.003 +0.006 +0.004 -0.005 -0.021 -0.041 -0.060 -0.074 -0.082 -0.088 -0.093 -0.098 -0.105 -0.108 -0.113 -0.120 -0.126 -0.132 -0.137 -0.143 -0.149 -0.153 -0.157 -0.159 -0.162 -0.166 -0.172
-0.005 -0.003 -0.001 +0.000 +0.003 +0.006 +0.009 +0.009 +0.010 +0.010 +0.007 +0.001 -0.007 -0.014 -0.021 -0.028 -0.033 -0.034 -0.033 -0.029 -0.019 -0.007 +0.004 +0.015 +0.016 +0.012 +0.002 -0.016 -0.036 -0.052 -0.065 -0.072 -0.078 -0.083 -0.088 -0.091 -0.097 -0.104 -0.110 -0.116 -0.122 -0.129 -0.134 -0.137 -0.138 -0.141 -0.145 -0.151 -0.157 -0.161
-0.006 -0.003 -0.000 +0.003 +0.006 +0.007 +0.009 +0.013 +0.015 +0.015 +0.015 +0.014 +0.009 +0.003 -0.005 -0.011 -0.017 -0.020 -0.021 -0.018 -0.010 +0.002 +0.012 +0.026 +0.025 +0.020 +0.009 -0.012 -0.031 -0.044 -0.056 -0.063 -0.068 -0.070 -0.074 -0.080 -0.087 -0.094 -0.101 -0.109 -0.115 -0.117 -0.119 -0.121 -0.123 -0.129 -0.135 -0.140 -0.143 -0.147
-0.003 -0.001 +0.001 +0.002 +0.005 +0.008 +0.012 +0.014 +0.016 +0.019 +0.022 +0.021 +0.019 +0.017 +0.012 +0.006 -0.000 -0.005 -0.006 -0.006 -0.001 +0.011 +0.021 +0.036 +0.035 +0.027 +0.015 -0.007 -0.025 -0.036 -0.045 -0.052 -0.054 -0.057 -0.064 -0.070 -0.079 -0.088 -0.096 -0.099 -0.100 -0.101 -0.102 -0.107 -0.113 -0.119 -0.122 -0.126 -0.129 -0.132
-0.001 +0.002 +0.004 +0.006 +0.007 +0.009 +0.010 +0.014 +0.017 +0.020 +0.023 +0.025 +0.028 +0.027 +0.023 +0.021 +0.017 +0.012 +0.009 +0.008 +0.009 +0.020 +0.031 +0.044 +0.044 +0.035 +0.020 -0.001 -0.017 -0.026 -0.034 -0.039 -0.041 -0.048 -0.055 -0.066 -0.074 -0.080 -0.082 -0.083 -0.084 -0.087 -0.092 -0.097 -0.101 -0.104 -0.107 -0.110 -0.112 -0.114
-0.011 -0.005 +0.000 +0.004 +0.008 +0.011 +0.013 +0.015 +0.016 +0.018 +0.021 +0.025 +0.028 +0.032 +0.033 +0.031 +0.029 +0.027 +0.024 +0.024 +0.022 +0.029 +0.039 +0.050 +0.051 +0.042 +0.027 +0.007 -0.007 -0.015 -0.021 -0.027 -0.030 -0.040 -0.050 -0.058 -0.064 -0.065 -0.066 -0.068 -0.072 -0.077 -0.080 -0.082 -0.085 -0.086 -0.088 -0.089 -0.090 -0.091
-0.021 -0.016 -0.010 -0.005 +0.000 +0.005 +0.008 +0.013 +0.017 +0.020 +0.022 +0.023 +0.025 +0.028 +0.032 +0.034 +0.038 +0.037 +0.036 +0.035 +0.037 +0.037 +0.046 +0.053 +0.056 +0.049 +0.036 +0.015 +0.005 -0.002 -0.012 -0.017 -0.025 -0.034 -0.042 -0.047 -0.047 -0.049 -0.052 -0.056 -0.058 -0.060 -0.059 -0.059 -0.060 -0.061 -0.062 -0.063 -0.063 -0.063
-0.035 -0.029 -0.022 -0.016 -0.010 -0.005 +0.001 +0.006 +0.011 +0.014 +0.017 +0.019 +0.022 +0.026 +0.029 +0.032 +0.034 +0.036 +0.039 +0.041 +0.045 +0.048 +0.054 +0.058 +0.059 +0.058 +0.044 +0.024 +0.014 +0.003 -0.004 -0.010 -0.018 -0.023 -0.025 -0.027 -0.029 -0.032 -0.035 -0.034 -0.033 -0.033 -0.034 -0.034 -0.034 -0.034 -0.034 -0.034 -0.034 -0.035
-0.049 -0.044 -0.038 -0.033 -0.027 -0.020 -0.013 -0.007 -0.001 +0.006 +0.012 +0.018 +0.021 +0.023 +0.024 +0.025 +0.026 +0.029 +0.035 +0.038 +0.045 +0.050 +0.062 +0.066 +0.062 +0.057 +0.047 +0.033 +0.022 +0.014 +0.010 +0.006 +0.004 +0.001 -0.003 -0.008 -0.011 -0.011 -0.009 -0.008 -0.008 -0.007 -0.007 -0.006 -0.005 -0.005 -0.005 -0.005 -0.005 -0.005
-0.066 -0.059 -0.053 -0.046 -0.039 -0.033 -0.028 -0.023 -0.017 -0.010 -0.003 +0.003 +0.008 +0.014 +0.020 +0.024 +0.026 +0.027 +0.030 +0.033 +0.040 +0.048 +0.058 +0.068 +0.068 +0.065 +0.056 +0.044 +0.031 +0.032 +0.034 +0.028 +0.022 +0.017 +0.014 +0.013 +0.016 +0.017 +0.019 +0.020 +0.021 +0.022 +0.022 +0.024 +0.025 +0.025 +0.026 +0.026 +0.026 +0.026
-0.075 -0.069 -0.062 -0.056 -0.049 -0.043 -0.037 -0.030 -0.024 -0.017 -0.011 -0.005 -0.000 +0.006 +0.012 +0.017 +0.021 +0.024 +0.029 +0.034 +0.038 +0.048 +0.056 +0.064 +0.070 +0.070 +0.068 +0.058 +0.057 +0.057 +0.051 +0.047 +0.043 +0.042 +0.045 +0.047 +0.050 +0.052 +0.054 +0.054 +0.054 +0.054 +0.055 +0.056 +0.056 +0.057 +0.058 +0.058 +0.058 +0.058
-0.088 -0.081 -0.075 -0.068 -0.062 -0.055 -0.049 -0.042 -0.035 -0.029 -0.022 -0.015 -0.008 -0.001 +0.006 +0.011 +0.015 +0.018 +0.022 +0.028 +0.037 +0.047 +0.053 +0.065 +0.072 +0.079 +0.083 +0.075 +0.073 +0.078 +0.079 +0.077 +0.076 +0.077 +0.078 +0.079 +0.081 +0.083 +0.085 +0.086 +0.087 +0.087 +0.088 +0.089 +0.089 +0.089 +0.089 +0.088 +0.087 +0.087
-0.104 -0.097 -0.091 -0.084 -0.077 -0.070 -0.063 -0.056 -0.049 -0.042 -0.035 -0.029 -0.023 -0.017 -0.010 -0.003 +0.002 +0.004 +0.008 +0.018 +0.028 +0.038 +0.053 +0.075 +0.085 +0.098 +0.099 +0.089 +0.090 +0.098 +0.101 +0.099 +0.100 +0.104 +0.107 +0.110 +0.110 +0.109 +0.109 +0.110 +0.110 +0.111 +0.112 +0.113 +0.115 +0.115 +0.115 +0.115 +0.114 +0.114
-0.118 -0.111 -0.103 -0.096 -0.089 -0.082 -0.076 -0.070 -0.063 -0.057 -0.052 -0.046 -0.041 -0.035 -0.030 -0.025 -0.019 -0.010 -0.003 +0.008 +0.019 +0.034 +0.055 +0.080 +0.094 +0.106 +0.113 +0.113 +0.112 +0.119 +0.126 +0.129 +0.124 +0.120 +0.122 +0.127 +0.131 +0.134 +0.135 +0.134 +0.133 +0.132 +0.131 +0.132 +0.133 +0.135 +0.137 +0.138 +0.139 +0.139
-0.132 -0.125 -0.119 -0.112 -0.107 -0.101 -0.095 -0.090 -0.084 -0.078 -0.073 -0.068 -0.063 -0.057 -0.050 -0.039 -0.029 -0.017 -0.009 +0.000 +0.016 +0.034 +0.054 +0.078 +0.097 +0.105 +0.115 +0.120 +0.135 +0.142 +0.148 +0.148 +0.152 +0.152 +0.148 +0.145 +0.143 +0.146 +0.148 +0.150 +0.152 +0.152 +0.152 +0.153 +0.154 +0.154 +0.153 +0.152 +0.152 +0.153
-0.149 -0.143 -0.136 -0.130 -0.124 -0.118 -0.111 -0.105 -0.100 -0.096 -0.091 -0.084 -0.075 -0.064 -0.055 -0.046 -0.037 -0.028 -0.017 -0.004 +0.015 +0.037 +0.055 +0.074 +0.092 +0.103 +0.109 +0.118 +0.133 +0.147 +0.156 +0.163 +0.167 +0.171 +0.174 +0.175 +0.171 +0.167 +0.163 +0.160 +0.163 +0.165 +0.168 +0.169 +0.170 +0.170 +0.172 +0.172 +0.172 +0.171
-0.164 -0.157 -0.151 -0.145 -0.139 -0.133 -0.128 -0.124 -0.118 -0.109 -0.099 -0.090 -0.081 -0.071 -0.062 -0.053 -0.043 -0.029 -0.014 +0.003 +0.023 +0.036 +0.048 +0.066 +0.085 +0.102 +0.110 +0.116 +0.126 +0.142 +0.155 +0.167 +0.173 +0.180 +0.185 +0.187 +0.191 +0.193 +0.192 +0.188 +0.184 +0.180 +0.181 +0.183 +0.185 +0.187 +0.187 +0.187 +0.187 +0.188
-0.179 -0.173 -0.167 -0.161 -0.155 -0.150 -0.144 -0.135 -0.125 -0.117 -0.108 -0.099 -0.090 -0.080 -0.071 -0.059 -0.042 -0.023 -0.005 +0.012 +0.025 +0.035 +0.041 +0.057 +0.078 +0.100 +0.113 +0.112 +0.120 +0.134 +0.152 +0.165 +0.178 +0.188 +0.196 +0.203 +0.204 +0.204 +0.206 +0.207 +0.207 +0.205 +0.204 +0.200 +0.198 +0.199 +0.200 +0.202 +0.204 +0.204
-0.194 -0.187 -0.181 -0.176 -0.169 -0.161 -0.152 -0.144 -0.135 -0.126 -0.118 -0.108 -0.098 -0.087 -0.070 -0.050 -0.033 -0.015 +0.000 +0.014 +0.022 +0.028 +0.035 +0.050 +0.071 +0.097 +0.113 +0.112 +0.114 +0.127 +0.143 +0.162 +0.177 +0.190 +0.202 +0.211 +0.218 +0.220 +0.220 +0.220 +0.222 +0.222 +0.221 +0.218 +0.217 +0.216 +0.214 +0.215 +0.217 +0.218
-0.207 -0.202 -0.196 -0.188 -0.179 -0.171 -0.162 -0.153 -0.145 -0.136 -0.125 -0.111 -0.098 -0.079 -0.059 -0.043 -0.028 -0.011 +0.003 +0.012 +0.016 +0.021 +0.028 +0.044 +0.066 +0.093 +0.111 +0.110 +0.111 +0.122 +0.136 +0.155 +0.172 +0.187 +0.200 +0.214 +0.224 +0.231 +0.235 +0.235 +0.236 +0.237 +0.239 +0.238 +0.234 +0.231 +0.229 +0.228 +0.227 +0.228
-0.223 -0.215 -0.206 -0.197 -0.188 -0.180 -0.171 -0.162 -0.151 -0.136 -0.122 -0.108 -0.088 -0.068 -0.053 -0.038 -0.023 -0.010 +0.002 +0.007 +0.011 +0.014 +0.022 +0.037 +0.062 +0.090 +0.106 +0.109 +0.111 +0.119 +0.132 +0.147 +0.165 +0.182 +0.197 +0.210 +0.224 +0.236 +0.244 +0.250 +0.251 +0.251 +0.252 +0.253 +0.255 +0.254 +0.249 +0.245 +0.242 +0.240
-0.231 -0.222 -0.214 -0.205 -0.197 -0.188 -0.176 -0.161 -0.146 -0.132 -0.117 -0.097 -0.078 -0.064 -0.048 -0.033 -0.022 -0.010 -0.002 +0.001 +0.004 +0.008 +0.016 +0.030 +0.059 +0.087 +0.104 +0.109 +0.109 +0.116 +0.126 +0.141 +0.158 +0.175 +0.191 +0.206 +0.219 +0.233 +0.248 +0.256 +0.262 +0.265 +0.266 +0.266 +0.268 +0.269 +0.271 +0.268 +0.264 +0.259
-0.239 -0.231 -0.222 -0.213 -0.201 -0.186 -0.170 -0.156 -0.142 -0.126 -0.106 -0.089 -0.074 -0.059 -0.044 -0.033 -0.021 -0.012 -0.009 -0.005 -0.003 +0.002 +0.011 +0.026 +0.055 +0.083 +0.102 +0.107 +0.107 +0.113 +0.123 +0.135 +0.151 +0.167 +0.184 +0.201 +0.216 +0.229 +0.243 +0.257 +0.268 +0.274 +0.279 +0.280 +0.281 +0.282 +0.283 +0.285 +0.285 +0.283
-0.248 -0.237 -0.225 -0.211 -0.195 -0.180 -0.167 -0.153 -0.135 -0.117 -0.100 -0.085 -0.069 -0.055 -0.044 -0.032 -0.022 -0.019 -0.015 -0.012 -0.009 -0.004 +0.006 +0.022 +0.051 +0.079 +0.099 +0.106 +0.106 +0.111 +0.119 +0.130 +0.143 +0.159 +0.176 +0.192 +0.212 +0.225 +0.239 +0.253 +0.267 +0.281 +0.287 +0.292 +0.295 +0.296 +0.297 +0.298 +0.299 +0.301
-0.248 -0.235 -0.220 -0.205 -0.191 -0.177 -0.163 -0.145 -0.127 -0.111 -0.095 -0.079 -0.066 -0.055 -0.043 -0.033 -0.025 -0.024 -0.021 -0.019 -0.014 -0.010 +0.003 +0.020 +0.048 +0.075 +0.096 +0.106 +0.106 +0.108 +0.117 +0.126 +0.135 +0.151 +0.166 +0.184 +0.200 +0.222 +0.235 +0.249 +0.263 +0.277 +0.291 +0.299 +0.305 +0.308 +0.310 +0.311 +0.313 +0.314
-0.244 -0.230 -0.215 -0.202 -0.187 -0.173 -0.156 -0.138 -0.122 -0.105 -0.089 -0.077 -0.066 -0.054 -0.043 -0.035 -0.032 -0.030 -0.027 -0.025 -0.020 -0.014 +0.001 +0.018 +0.043 +0.072 +0.092 +0.104 +0.105 +0.106 +0.115 +0.123 +0.131 +0.141 +0.158 +0.174 +0.192 +0.210 +0.231 +0.245 +0.258 +0.273 +0.287 +0.300 +0.311 +0.317 +0.321 +0.325 +0.326 +0.327
-0.241 -0.226 -0.211 -0.197 -0.184 -0.166 -0.149 -0.133 -0.115 -0.100 -0.088 -0.077 -0.065 -0.054 -0.046 -0.039 -0.037 -0.035 -0.034 -0.031 -0.026 -0.017 -0.002 +0.016 +0.039 +0.068 +0.089 +0.102 +0.104 +0.104 +0.111 +0.120 +0.127 +0.136 +0.149 +0.166 +0.182 +0.201 +0.221 +0.241 +0.254 +0.268 +0.282 +0.296 +0.310 +0.322 +0.329 +0.334 +0.337 +0.340
-0.236 -0.222 -0.209 -0.195 -0.177 -0.160 -0.143 -0.126 -0.111 -0.099 -0.088 -0.076 -0.065 -0.056 -0.049 -0.045 -0.042 -0.040 -0.041 -0.037 -0.030 -0.019 -0.005 +0.014 +0.037 +0.064 +0.086 +0.099 +0.102 +0.104 +0.108 +0.117 +0.124 +0.132 +0.142 +0.157 +0.174 +0.191 +0.209 +0.231 +0.250 +0.264 +0.278 +0.292 +0.306 +0.320 +0.332 +0.341 +0.346 +0.350
-0.234 -0.221 -0.205 -0.188 -0.171 -0.154 -0.137 -0.122 -0.110 -0.099 -0.087 -0.076 -0.067 -0.058 -0.053 -0.050 -0.047 -0.046 -0.047 -0.043 -0.033 -0.022 -0.008 +0.012 +0.035 +0.061 +0.082 +0.096 +0.100 +0.103 +0.106 +0.114 +0.121 +0.127 +0.137 +0.148 +0.164 +0.182 +0.199 +0.218 +0.242 +0.259 +0.273 +0.287 +0.301 +0.315 +0.329 +0.341 +0.353 +0.359
-0.233 -0.216 -0.198 -0.182 -0.164 -0.147 -0.133 -0.121 -0.110 -0.098 -0.087 -0.078 -0.068 -0.063 -0.058 -0.055 -0.053 -0.053 -0.052 -0.046 -0.036 -0.025 -0.011 +0.011 +0.033 +0.058 +0.079 +0.093 +0.098 +0.100 +0.105 +0.110 +0.119 +0.125 +0.133 +0.143 +0.155 +0.172 +0.190 +0.208 +0.229 +0.252 +0.269 +0.283 +0.297 +0.311 +0.325 +0.339 +0.351 +0.363
-0.227 -0.209 -0.192 -0.175 -0.158 -0.144 -0.132 -0.121 -0.109 -0.098 -0.088 -0.079 -0.073 -0.067 -0.063 -0.060 -0.058 -0.059 -0.057 -0.050 -0.039 -0.027 -0.013 +0.009 +0.031 +0.056 +0.076 +0.090 +0.097 +0.098 +0.103 +0.108 +0.116 +0.122 +0.128 +0.139 +0.149 +0.163 +0.180 +0.197 +0.216 +0.239 +0.262 +0.278 +0.292 +0.306 +0.320 +0.334 +0.348 +0.360
-0.220 -0.203 -0.185 -0.168 -0.155 -0.143 -0.132 -0.120 -0.109 -0.099 -0.090 -0.081 -0.076 -0.071 -0.068 -0.065 -0.065 -0.065 -0.060 -0.053 -0.042 -0.029 -0.014 +0.007 +0.030 +0.053 +0.073 +0.087 +0.095 +0.095 +0.099 +0.106 +0.113 +0.120 +0.125 +0.134 +0.145 +0.156 +0.171 +0.188 +0.205 +0.225 +0.249 +0.271 +0.288 +0.302 +0.316 +0.330 +0.344 +0.358
-0.214 -0.196 -0.179 -0.167 -0.154 -0.143 -0.131 -0.120 -0.110 -0.101 -0.091 -0.087 -0.080 -0.075 -0.073 -0.071 -0.071 -0.069 -0.063 -0.056 -0.045 -0.031 -0.015 +0.006 +0.028 +0.050 +0.069 +0.084 +0.093 +0.093 +0.095 +0.105 +0.111 +0.117 +0.123 +0.130 +0.140 +0.151 +0.162 +0.179 +0.196 +0.214 +0.236 +0.260 +0.280 +0.298 +0.312 +0.326 +0.340 +0.353
-0.207 -0.191 -0.178 -0.165 -0.154 -0.142 -0.131 -0.121 -0.112 -0.102 -0.096 -0.090 -0.084 -0.080 -0.078 -0.077 -0.078 -0.072 -0.066 -0.058 -0.048 -0.033 -0.016 +0.004 +0.026 +0.049 +0.066 +0.080 +0.091 +0.091 +0.093 +0.102 +0.108 +0.115 +0.120 +0.126 +0.135 +0.146 +0.157 +0.170 +0.187 +0.204 +0.222 +0.246 +0.270 +0.290 +0.307 +0.321 +0.335 +0.349
-0.202 -0.189 -0.176 -0.165 -0.153 -0.142 -0.132 -0.123 -0.113 -0.105 -0.100 -0.093 -0.088 -0.085 -0.083 -0.084 -0.082 -0.076 -0.069 -0.061 -0.050 -0.035 -0.018 +0.003 +0.025 +0.047 +0.064 +0.076 +0.088 +0.089 +0.090 +0.098 +0.106 +0.113 +0.118 +0.123 +0.132 +0.141 +0.152 +0.164 +0.178 +0.195 +0.212 +0.231 +0.256 +0.280 +0.300 +0.317 +0.331 +0.345
-0.201 -0.188 -0.176 -0.164 -0.153 -0.143 -0.133 -0.124 -0.115 -0.110 -0.103 -0.097 -0.093 -0.090 -0.089 -0.091 -0.085 -0.079 -0.072 -0.063 -0.051 -0.037 -0.019 +0.002 +0.023 +0.045 +0.061 +0.073 +0.085 +0.088 +0.088 +0.094 +0.104 +0.111 +0.116 +0.121 +0.128 +0.137 +0.147 +0.159 +0.170 +0.186 +0.203 +0.219 +0.241 +0.267 +0.290 +0.310 +0.327 +0.341
-0.199 -0.187 -0.175 -0.164 -0.154 -0.144 -0.135 -0.125 -0.119 -0.113 -0.106 -0.101 -0.098 -0.096 -0.096 -0.094 -0.088 -0.081 -0.074 -0.064 -0.053 -0.039 -0.020 +0.000 +0.021 +0.043 +0.058 +0.069 +0.081 +0.086 +0.086 +0.090 +0.101 +0.109 +0.115 +0.118 +0.125 +0.134 +0.143 +0.154 +0.165 +0.177 +0.194 +0.211 +0.227 +0.251 +0.277 +0.299 +0.320 +0.337
