+0.016 +0.004 +0.001 +0.000 +0.000 +0.000 +0.000 +0.000 +0.000 +0.000 +0.000 +0.000 +0.000 +0.000 +0.000 +0.000 +0.000 +0.000 +0.000 +0.000 +0.000 +0.000 +0.000 +0.000 +0.000 +0.000 +0.000 +0.000 +0.000 +0.000 +0.000 +0.000 +0.000 +0.000 +0.000 +0.000 +0.000 +0.000 +0.000 +0.000 +0.000 +0.000 +0.000 +0.000 +0.000 +0.000 +0.000 +0.000 +0.000 +0.000
+0.075 +0.021 +0.006 +0.002 +0.000 +0.000 +0.000 +0.000 +0.000 +0.000 +0.000 +0.000 +0.000 +0.000 +0.000 +0.000 +0.000 +0.000 +0.000 +0.000 +0.000 +0.000 +0.000 +0.000 +0.000 +0.000 +0.000 +0.000 +0.000 +0.000 +0.000 +0.000 +0.000 +0.000 +0.000 +0.000 +0.000 +0.000 +0.000 +0.000 +0.000 +0.000 +0.000 +0.000 +0.000 +0.000 +0.000 +0.000 +0.000 +0.000
+0.263 +0.096 +0.028 +0.007 +0.002 +0.000 +0.000 +0.000 +0.000 +0.000 +0.000 +0.000 +0.000 +0.000 +0.000 +0.000 +0.000 +0.000 +0.000 +0.000 +0.000 +0.000 +0.000 +0.000 +0.000 +0.000 +0.000 +0.000 +0.000 +0.000 +0.000 +0.000 +0.000 +0.000 +0.000 +0.000 +0.000 +0.000 +0.000 +0.000 +0.000 +0.000 +0.000 +0.000 +0.000 +0.000 +0.000 +0.000 +0.000 +0.000
+0.461 +0.293 +0.123 +0.036 +0.010 +0.003 +0.001 +0.000 +0.000 +0.000 +0.000 +0.000 +0.000 +0.000 +0.000 +0.000 +0.000 +0.000 +0.000 +0.000 +0.000 +0.000 +0.000 +0.000 +0.000 +0.000 +0.000 +0.000 +0.000 +0.000 +0.000 +0.000 +0.000 +0.000 +0.000 +0.000 +0.000 +0.000 +0.000 +0.000 +0.000 +0.000 +0.000 +0.000 +0.000 +0.000 +0.000 +0.000 +0.000 +0.000
+0.612 +0.481 +0.326 +0.155 +0.047 +0.013 +0.003 +0.001 +0.000 +0.000 +0.000 +0.000 +0.000 +0.000 +0.000 +0.000 +0.000 +0.000 +0.000 +0.000 +0.000 +0.000 +0.000 +0.000 +0.000 +0.000 +0.000 +0.000 +0.000 +0.000 +0.000 +0.000 +0.000 +0.000 +0.000 +0.000 +0.000 +0.000 +0.000 +0.000 +0.000 +0.000 +0.000 +0.000 +0.000 +0.000 +0.000 +0.000 +0.000 +0.000
+0.747 +0.631 +0.500 +0.360 +0.193 +0.060 +0.017 +0.004 +0.001 +0.000 +0.000 +0.000 +0.000 +0.000 +0.000 +0.000 +0.000 +0.000 +0.000 +0.000 +0.000 +0.000 +0.000 +0.000 +0.000 +0.000 +0.000 +0.000 +0.000 +0.000 +0.000 +0.000 +0.000 +0.000 +0.000 +0.000 +0.000 +0.000 +0.000 +0.000 +0.000 +0.000 +0.000 +0.000 +0.000 +0.000 +0.000 +0.000 +0.000 +0.000
+0.824 +0.762 +0.649 +0.519 +0.387 +0.225 +0.078 +0.022 +0.006 +0.001 +0.000 +0.000 +0.000 +0.000 +0.000 +0.000 +0.000 +0.000 +0.000 +0.000 +0.000 +0.000 +0.000 +0.000 +0.000 +0.000 +0.000 +0.000 +0.000 +0.000 +0.000 +0.000 +0.000 +0.000 +0.000 +0.000 +0.000 +0.000 +0.000 +0.000 +0.000 +0.000 +0.000 +0.000 +0.000 +0.000 +0.000 +0.000 +0.000 +0.000
+0.941 +0.841 +0.777 +0.666 +0.539 +0.406 +0.254 +0.099 +0.028 +0.008 +0.002 +0.000 +0.000 +0.000 +0.000 +0.000 +0.000 +0.000 +0.000 +0.000 +0.000 +0.000 +0.000 +0.000 +0.000 +0.000 +0.000 +0.000 +0.000 +0.000 +0.000 +0.000 +0.000 +0.000 +0.000 +0.000 +0.000 +0.000 +0.000 +0.000 +0.000 +0.000 +0.000 +0.000 +0.000 +0.000 +0.000 +0.000 +0.000 +0.000
+0.992 +0.958 +0.857 +0.790 +0.683 +0.558 +0.425 +0.284 +0.127 +0.037 +0.010 +0.002 +0.000 +0.000 +0.000 +0.000 +0.000 +0.000 +0.000 +0.000 +0.000 +0.000 +0.000 +0.000 +0.000 +0.000 +0.000 +0.000 +0.000 +0.000 +0.000 +0.000 +0.000 +0.000 +0.000 +0.000 +0.000 +0.000 +0.000 +0.000 +0.000 +0.000 +0.000 +0.000 +0.000 +0.000 +0.000 +0.000 +0.000 +0.000
+0.999 +0.995 +0.971 +0.872 +0.803 +0.700 +0.577 +0.444 +0.316 +0.160 +0.048 +0.013 +0.002 +0.000 +0.000 +0.000 +0.000 +0.000 +0.000 +0.000 +0.000 +0.000 +0.000 +0.000 +0.000 +0.000 +0.000 +0.000 +0.000 +0.000 +0.000 +0.000 +0.000 +0.000 +0.000 +0.000 +0.000 +0.000 +0.000 +0.000 +0.000 +0.000 +0.000 +0.000 +0.000 +0.000 +0.000 +0.000 +0.000 +0.000
+1.000 +1.000 +0.996 +0.979 +0.894 +0.816 +0.716 +0.596 +0.463 +0.336 +0.191 +0.062 +0.017 +0.003 +0.000 +0.000 +0.000 +0.000 +0.000 +0.000 +0.000 +0.000 +0.000 +0.000 +0.000 +0.000 +0.000 +0.000 +0.000 +0.000 +0.000 +0.000 +0.000 +0.000 +0.000 +0.000 +0.000 +0.000 +0.000 +0.000 +0.000 +0.000 +0.000 +0.000 +0.000 +0.000 +0.000 +0.000 +0.000 +0.000
+1.000 +1.000 +1.000 +0.997 +0.986 +0.924 +0.828 +0.732 +0.615 +0.483 +0.353 +0.218 +0.080 +0.023 +0.004 +0.001 +0.000 +0.000 +0.000 +0.000 +0.000 +0.000 +0.000 +0.000 +0.000 +0.000 +0.000 +0.000 +0.000 +0.000 +0.000 +0.000 +0.000 +0.000 +0.000 +0.000 +0.000 +0.000 +0.000 +0.000 +0.000 +0.000 +0.000 +0.000 +0.000 +0.000 +0.000 +0.000 +0.000 +0.000
+1.000 +1.000 +1.000 +1.000 +0.998 +0.990 +0.946 +0.839 +0.747 +0.633 +0.502 +0.371 +0.246 +0.102 +0.029 +0.005 +0.001 +0.000 +0.000 +0.000 +0.000 +0.000 +0.000 +0.000 +0.000 +0.000 +0.000 +0.000 +0.000 +0.000 +0.000 +0.000 +0.000 +0.000 +0.000 +0.000 +0.000 +0.000 +0.000 +0.000 +0.000 +0.000 +0.000 +0.000 +0.000 +0.000 +0.000 +0.000 +0.000 +0.000
+1.000 +1.000 +1.000 +1.000 +1.000 +0.999 +0.993 +0.961 +0.849 +0.761 +0.651 +0.522 +0.390 +0.272 +0.130 +0.038 +0.006 +0.001 +0.000 +0.000 +0.000 +0.000 +0.000 +0.000 +0.000 +0.000 +0.000 +0.000 +0.000 +0.000 +0.000 +0.000 +0.000 +0.000 +0.000 +0.000 +0.000 +0.000 +0.000 +0.000 +0.000 +0.000 +0.000 +0.000 +0.000 +0.000 +0.000 +0.000 +0.000 +0.000
+1.000 +1.000 +1.000 +1.000 +1.000 +1.000 +1.000 +0.995 +0.971 +0.859 +0.775 +0.668 +0.541 +0.408 +0.288 +0.159 +0.050 +0.008 +0.001 +0.000 +0.000 +0.000 +0.000 +0.000 +0.000 +0.000 +0.000 +0.000 +0.000 +0.000 +0.000 +0.000 +0.000 +0.000 +0.000 +0.000 +0.000 +0.000 +0.000 +0.000 +0.000 +0.000 +0.000 +0.000 +0.000 +0.000 +0.000 +0.000 +0.000 +0.000
+1.000 +1.000 +1.000 +1.000 +1.000 +1.000 +1.000 +1.000 +0.998 +0.979 +0.869 +0.788 +0.685 +0.560 +0.427 +0.304 +0.185 +0.065 +0.011 +0.002 +0.000 +0.000 +0.000 +0.000 +0.000 +0.000 +0.000 +0.000 +0.000 +0.000 +0.000 +0.000 +0.000 +0.000 +0.000 +0.000 +0.000 +0.000 +0.000 +0.000 +0.000 +0.000 +0.000 +0.000 +0.000 +0.000 +0.000 +0.000 +0.000 +0.000
+1.000 +1.000 +1.000 +1.000 +1.000 +1.000 +1.000 +1.000 +1.000 +0.999 +0.984 +0.885 +0.801 +0.702 +0.579 +0.448 +0.324 +0.216 +0.084 +0.014 +0.002 +0.000 +0.000 +0.000 +0.000 +0.000 +0.000 +0.000 +0.000 +0.000 +0.000 +0.000 +0.000 +0.000 +0.000 +0.000 +0.000 +0.000 +0.000 +0.000 +0.000 +0.000 +0.000 +0.000 +0.000 +0.000 +0.000 +0.000 +0.000 +0.000
+1.000 +1.000 +1.000 +1.000 +1.000 +1.000 +1.000 +1.000 +1.000 +1.000 +1.000 +0.991 +0.913 +0.813 +0.719 +0.602 +0.472 +0.346 +0.239 +0.107 +0.018 +0.002 +0.000 +0.000 +0.000 +0.000 +0.000 +0.000 +0.000 +0.000 +0.000 +0.000 +0.000 +0.000 +0.000 +0.000 +0.000 +0.000 +0.000 +0.000 +0.000 +0.000 +0.000 +0.000 +0.000 +0.000 +0.000 +0.000 +0.000 +0.000
+1.000 +1.000 +1.000 +1.000 +1.000 +1.000 +1.000 +1.000 +1.000 +1.000 +1.000 +1.000 +0.997 +0.936 +0.827 +0.738 +0.626 +0.497 +0.369 +0.257 +0.132 +0.021 +0.003 +0.000 +0.000 +0.000 +0.000 +0.000 +0.000 +0.000 +0.000 +0.000 +0.000 +0.000 +0.000 +0.000 +0.000 +0.000 +0.000 +0.000 +0.000 +0.000 +0.000 +0.000 +0.000 +0.000 +0.000 +0.000 +0.000 +0.000
+1.000 +1.000 +1.000 +1.000 +1.000 +1.000 +1.000 +1.000 +1.000 +1.000 +1.000 +1.000 +1.000 +0.999 +0.961 +0.840 +0.757 +0.649 +0.522 +0.393 +0.277 +0.146 +0.025 +0.004 +0.001 +0.000 +0.000 +0.000 +0.000 +0.000 +0.000 +0.000 +0.000 +0.000 +0.000 +0.000 +0.000 +0.000 +0.000 +0.000 +0.000 +0.000 +0.000 +0.000 +0.000 +0.000 +0.000 +0.000 +0.000 +0.000
+1.000 +1.000 +1.000 +1.000 +1.000 +1.000 +1.000 +1.000 +1.000 +1.000 +1.000 +1.000 +1.000 +1.000 +1.000 +0.980 +0.820 +0.725 +0.609 +0.480 +0.351 +0.237 +0.147 +0.053 +0.010 +0.001 +0.000 +0.000 +0.000 +0.000 +0.000 +0.000 +0.000 +0.000 +0.000 +0.000 +0.000 +0.000 +0.000 +0.000 +0.000 +0.000 +0.000 +0.000 +0.000 +0.000 +0.000 +0.000 +0.000 +0.000
+1.000 +1.000 +1.000 +1.000 +1.000 +1.000 +1.000 +1.000 +1.000 +1.000 +1.000 +1.000 +1.000 +1.000 +1.000 +1.000 +0.993 +0.840 +0.745 +0.641 +0.524 +0.401 +0.286 +0.203 +0.116 +0.027 +0.000 +0.000 +0.000 +0.000 +0.000 +0.000 +0.000 +0.000 +0.000 +0.000 +0.000 +0.000 +0.000 +0.000 +0.000 +0.000 +0.000 +0.000 +0.000 +0.000 +0.000 +0.000 +0.000 +0.000
+1.000 +1.000 +1.000 +1.000 +1.000 +1.000 +1.000 +1.000 +1.000 +1.000 +1.000 +1.000 +1.000 +1.000 +1.000 +1.000 +1.000 +0.998 +0.896 +0.767 +0.662 +0.548 +0.436 +0.308 +0.034 +0.002 +0.000 +0.000 +0.000 +0.000 +0.000 +0.000 +0.000 +0.000 +0.000 +0.000 +0.000 +0.000 +0.000 +0.000 +0.000 +0.000 +0.000 +0.000 +0.000 +0.000 +0.000 +0.000 +0.000 +0.000
+1.000 +1.000 +1.000 +1.000 +1.000 +1.000 +1.000 +1.000 +1.000 +1.000 +1.000 +1.000 +1.000 +1.000 +1.000 +1.000 +1.000 +1.000 +0.999 +0.929 +0.764 +0.617 +0.340 +0.013 +0.000 +0.000 +0.000 +0.000 +0.000 +0.000 +0.000 +0.000 +0.000 +0.000 +0.000 +0.000 +0.000 +0.000 +0.000 +0.000 +0.000 +0.000 +0.000 +0.000 +0.000 +0.000 +0.000 +0.000 +0.000 +0.000
+1.000 +1.000 +1.000 +1.000 +1.000 +1.000 +1.000 +1.000 +1.000 +1.000 +1.000 +1.000 +1.000 +1.000 +1.000 +1.000 +1.000 +1.000 +0.999 +0.946 +0.750 +0.526 +0.062 +0.001 +0.000 +0.000 +0.000 +0.000 +0.000 +0.000 +0.000 +0.000 +0.000 +0.000 +0.000 +0.000 +0.000 +0.000 +0.000 +0.000 +0.000 +0.000 +0.000 +0.000 +0.000 +0.000 +0.000 +0.000 +0.000 +0.000
+1.000 +1.000 +1.000 +1.000 +1.000 +1.000 +1.000 +1.000 +1.000 +1.000 +1.000 +1.000 +1.000 +1.000 +1.000 +1.000 +1.000 +1.000 +0.994 +0.780 +0.582 +0.355 +0.028 +0.001 +0.000 +0.000 +0.000 +0.000 +0.000 +0.000 +0.000 +0.000 +0.000 +0.000 +0.000 +0.000 +0.000 +0.000 +0.000 +0.000 +0.000 +0.000 +0.000 +0.000 +0.000 +0.000 +0.000 +0.000 +0.000 +0.000
+1.000 +1.000 +1.000 +1.000 +1.000 +1.000 +1.000 +1.000 +1.000 +1.000 +1.000 +1.000 +1.000 +1.000 +1.000 +1.000 +1.000 +0.994 +0.865 +0.625 +0.420 +0.253 +0.042 +0.001 +0.000 +0.000 +0.000 +0.000 +0.000 +0.000 +0.000 +0.000 +0.000 +0.000 +0.000 +0.000 +0.000 +0.000 +0.000 +0.000 +0.000 +0.000 +0.000 +0.000 +0.000 +0.000 +0.000 +0.000 +0.000 +0.000
+1.000 +1.000 +1.000 +1.000 +1.000 +1.000 +1.000 +1.000 +1.000 +1.000 +1.000 +1.000 +1.000 +1.000 +1.000 +1.000 +1.000 +0.992 +0.863 +0.637 +0.426 +0.222 +0.042 +0.002 +0.000 +0.000 +0.000 +0.000 +0.000 +0.000 +0.000 +0.000 +0.000 +0.000 +0.000 +0.000 +0.000 +0.000 +0.000 +0.000 +0.000 +0.000 +0.000 +0.000 +0.000 +0.000 +0.000 +0.000 +0.000 +0.000
+1.000 +1.000 +1.000 +1.000 +1.000 +1.000 +1.000 +1.000 +1.000 +1.000 +1.000 +1.000 +1.000 +1.000 +1.000 +1.000 +1.000 +0.993 +0.868 +0.651 +0.452 +0.239 +0.045 +0.003 +0.000 +0.000 +0.000 +0.000 +0.000 +0.000 +0.000 +0.000 +0.000 +0.000 +0.000 +0.000 +0.000 +0.000 +0.000 +0.000 +0.000 +0.000 +0.000 +0.000 +0.000 +0.000 +0.000 +0.000 +0.000 +0.000
+1.000 +1.000 +1.000 +1.000 +1.000 +1.000 +1.000 +1.000 +1.000 +1.000 +1.000 +1.000 +1.000 +1.000 +1.000 +1.000 +1.000 +0.989 +0.838 +0.656 +0.446 +0.252 +0.063 +0.006 +0.000 +0.000 +0.000 +0.000 +0.000 +0.000 +0.000 +0.000 +0.000 +0.000 +0.000 +0.000 +0.000 +0.000 +0.000 +0.000 +0.000 +0.000 +0.000 +0.000 +0.000 +0.000 +0.000 +0.000 +0.000 +0.000
+1.000 +1.000 +1.000 +1.000 +1.000 +1.000 +1.000 +1.000 +1.000 +1.000 +1.000 +1.000 +1.000 +1.000 +1.000 +1.000 +0.999 +0.975 +0.836 +0.670 +0.477 +0.271 +0.107 +0.038 +0.005 +0.000 +0.000 +0.000 +0.000 +0.000 +0.000 +0.000 +0.000 +0.000 +0.000 +0.000 +0.000 +0.000 +0.000 +0.000 +0.000 +0.000 +0.000 +0.000 +0.000 +0.000 +0.000 +0.000 +0.000 +0.000
+1.000 +1.000 +1.000 +1.000 +1.000 +1.000 +1.000 +1.000 +1.000 +1.000 +1.000 +1.000 +1.000 +1.000 +1.000 +1.000 +0.997 +0.929 +0.784 +0.625 +0.458 +0.286 +0.121 +0.076 +0.043 +0.012 +0.000 +0.000 +0.000 +0.000 +0.000 +0.000 +0.000 +0.000 +0.000 +0.000 +0.000 +0.000 +0.000 +0.000 +0.000 +0.000 +0.000 +0.000 +0.000 +0.000 +0.000 +0.000 +0.000 +0.000
+1.000 +1.000 +1.000 +1.000 +1.000 +1.000 +1.000 +1.000 +1.000 +1.000 +1.000 +1.000 +1.000 +1.000 +1.000 +1.000 +0.991 +0.858 +0.711 +0.529 +0.375 +0.229 +0.163 +0.130 +0.100 +0.023 +0.000 +0.000 +0.000 +0.000 +0.000 +0.000 +0.000 +0.000 +0.000 +0.000 +0.000 +0.000 +0.000 +0.000 +0.000 +0.000 +0.000 +0.000 +0.000 +0.000 +0.000 +0.000 +0.000 +0.000
+1.000 +1.000 +1.000 +1.000 +1.000 +1.000 +1.000 +1.000 +1.000 +1.000 +1.000 +1.000 +1.000 +1.000 +1.000 +0.999 +0.957 +0.782 +0.587 +0.424 +0.298 +0.236 +0.204 +0.158 +0.067 +0.000 +0.000 +0.000 +0.000 +0.000 +0.000 +0.000 +0.000 +0.000 +0.000 +0.000 +0.000 +0.000 +0.000 +0.000 +0.000 +0.000 +0.000 +0.000 +0.000 +0.000 +0.000 +0.000 +0.000 +0.000
+1.000 +1.000 +1.000 +1.000 +1.000 +1.000 +1.000 +1.000 +1.000 +1.000 +1.000 +1.000 +1.000 +1.000 +1.000 +0.993 +0.834 +0.634 +0.463 +0.343 +0.300 +0.276 +0.204 +0.119 +0.010 +0.000 +0.000 +0.000 +0.000 +0.000 +0.000 +0.000 +0.000 +0.000 +0.000 +0.000 +0.000 +0.000 +0.000 +0.000 +0.000 +0.000 +0.000 +0.000 +0.000 +0.000 +0.000 +0.000 +0.000 +0.000
+1.000 +1.000 +1.000 +1.000 +1.000 +1.000 +1.000 +1.000 +1.000 +1.000 +1.000 +1.000 +1.000 +1.000 +0.999 +0.951 +0.684 +0.515 +0.398 +0.356 +0.340 +0.264 +0.163 +0.074 +0.001 +0.000 +0.000 +0.000 +0.000 +0.000 +0.000 +0.000 +0.000 +0.000 +0.000 +0.000 +0.000 +0.000 +0.000 +0.000 +0.000 +0.000 +0.000 +0.000 +0.000 +0.000 +0.000 +0.000 +0.000 +0.000
+1.000 +1.000 +1.000 +1.000 +1.000 +1.000 +1.000 +1.000 +1.000 +1.000 +1.000 +1.000 +1.000 +1.000 +0.993 +0.848 +0.611 +0.482 +0.430 +0.396 +0.331 +0.212 +0.123 +0.013 +0.000 +0.000 +0.000 +0.000 +0.000 +0.000 +0.000 +0.000 +0.000 +0.000 +0.000 +0.000 +0.000 +0.000 +0.000 +0.000 +0.000 +0.000 +0.000 +0.000 +0.000 +0.000 +0.000 +0.000 +0.000 +0.000
+1.000 +1.000 +1.000 +1.000 +1.000 +1.000 +1.000 +1.000 +1.000 +1.000 +1.000 +1.000 +1.000 +0.999 +0.962 +0.732 +0.595 +0.508 +0.466 +0.387 +0.276 +0.165 +0.078 +0.001 +0.000 +0.000 +0.000 +0.000 +0.000 +0.000 +0.000 +0.000 +0.000 +0.000 +0.000 +0.000 +0.000 +0.000 +0.000 +0.000 +0.000 +0.000 +0.000 +0.000 +0.000 +0.000 +0.000 +0.000 +0.000 +0.000
+1.000 +1.000 +1.000 +1.000 +1.000 +1.000 +1.000 +1.000 +1.000 +1.000 +1.000 +1.000 +1.000 +0.995 +0.887 +0.696 +0.606 +0.533 +0.435 +0.326 +0.224 +0.123 +0.026 +0.000 +0.000 +0.000 +0.000 +0.000 +0.000 +0.000 +0.000 +0.000 +0.000 +0.000 +0.000 +0.000 +0.000 +0.000 +0.000 +0.000 +0.000 +0.000 +0.000 +0.000 +0.000 +0.000 +0.000 +0.000 +0.000 +0.000
+1.000 +1.000 +1.000 +1.000 +1.000 +1.000 +1.000 +1.000 +1.000 +1.000 +1.000 +1.000 +1.000 +0.973 +0.810 +0.696 +0.616 +0.494 +0.378 +0.276 +0.172 +0.092 +0.004 +0.000 +0.000 +0.000 +0.000 +0.000 +0.000 +0.000 +0.000 +0.000 +0.000 +0.000 +0.000 +0.000 +0.000 +0.000 +0.000 +0.000 +0.000 +0.000 +0.000 +0.000 +0.000 +0.000 +0.000 +0.000 +0.000 +0.000
+1.000 +1.000 +1.000 +1.000 +1.000 +1.000 +1.000 +1.000 +1.000 +1.000 +1.000 +1.000 +0.997 +0.939 +0.789 +0.705 +0.571 +0.432 +0.323 +0.231 +0.131 +0.054 +0.000 +0.000 +0.000 +0.000 +0.000 +0.000 +0.000 +0.000 +0.000 +0.000 +0.000 +0.000 +0.000 +0.000 +0.000 +0.000 +0.000 +0.000 +0.000 +0.000 +0.000 +0.000 +0.000 +0.000 +0.000 +0.000 +0.000 +0.000
+1.000 +1.000 +1.000 +1.000 +1.000 +1.000 +1.000 +1.000 +1.000 +1.000 +1.000 +1.000 +0.989 +0.920 +0.796 +0.652 +0.493 +0.374 +0.273 +0.176 +0.093 +0.012 +0.000 +0.000 +0.000 +0.000 +0.000 +0.000 +0.000 +0.000 +0.000 +0.000 +0.000 +0.000 +0.000 +0.000 +0.000 +0.000 +0.000 +0.000 +0.000 +0.000 +0.000 +0.000 +0.000 +0.000 +0.000 +0.000 +0.000 +0.000
+1.000 +1.000 +1.000 +1.000 +1.000 +1.000 +1.000 +1.000 +1.000 +1.000 +1.000 +0.999 +0.982 +0.910 +0.759 +0.587 +0.429 +0.320 +0.214 +0.120 +0.062 +0.001 +0.000 +0.000 +0.000 +0.000 +0.000 +0.000 +0.000 +0.000 +0.000 +0.000 +0.000 +0.000 +0.000 +0.000 +0.000 +0.000 +0.000 +0.000 +0.000 +0.000 +0.000 +0.000 +0.000 +0.000 +0.000 +0.000 +0.000 +0.000
+1.000 +1.000 +1.000 +1.000 +1.000 +1.000 +1.000 +1.000 +1.000 +1.000 +1.000 +0.997 +0.980 +0.873 +0.724 +0.509 +0.376 +0.256 +0.152 +0.086 +0.032 +0.000 +0.000 +0.000 +0.000 +0.000 +0.000 +0.000 +0.000 +0.000 +0.000 +0.000 +0.000 +0.000 +0.000 +0.000 +0.000 +0.000 +0.000 +0.000 +0.000 +0.000 +0.000 +0.000 +0.000 +0.000 +0.000 +0.000 +0.000 +0.000
+1.000 +1.000 +1.000 +1.000 +1.000 +1.000 +1.000 +1.000 +1.000 +1.000 +1.000 +0.996 +0.970 +0.854 +0.681 +0.453 +0.307 +0.189 +0.111 +0.061 +0.004 +0.000 +0.000 +0.000 +0.000 +0.000 +0.000 +0.000 +0.000 +0.000 +0.000 +0.000 +0.000 +0.000 +0.000 +0.000 +0.000 +0.000 +0.000 +0.000 +0.000 +0.000 +0.000 +0.000 +0.000 +0.000 +0.000 +0.000 +0.000 +0.000
+1.000 +1.000 +1.000 +1.000 +1.000 +1.000 +1.000 +1.000 +1.000 +1.000 +0.999 +0.994 +0.953 +0.843 +0.617 +0.396 +0.241 +0.140 +0.080 +0.041 +0.000 +0.000 +0.000 +0.000 +0.000 +0.000 +0.000 +0.000 +0.000 +0.000 +0.000 +0.000 +0.000 +0.000 +0.000 +0.000 +0.000 +0.000 +0.000 +0.000 +0.000 +0.000 +0.000 +0.000 +0.000 +0.000 +0.000 +0.000 +0.000 +0.000
+1.000 +1.000 +1.000 +1.000 +1.000 +1.000 +1.000 +1.000 +1.000 +1.000 +0.999 +0.991 +0.940 +0.812 +0.540 +0.337 +0.188 +0.105 +0.059 +0.012 +0.000 +0.000 +0.000 +0.000 +0.000 +0.000 +0.000 +0.000 +0.000 +0.000 +0.000 +0.000 +0.000 +0.000 +0.000 +0.000 +0.000 +0.000 +0.000 +0.000 +0.000 +0.000 +0.000 +0.000 +0.000 +0.000 +0.000 +0.000 +0.000 +0.000
+1.000 +1.000 +1.000 +1.000 +1.000 +1.000 +1.000 +1.000 +1.000 +1.000 +0.998 +0.986 +0.929 +0.759 +0.516 +0.289 +0.148 +0.073 +0.039 +0.001 +0.000 +0.000 +0.000 +0.000 +0.000 +0.000 +0.000 +0.000 +0.000 +0.000 +0.000 +0.000 +0.000 +0.000 +0.000 +0.000 +0.000 +0.000 +0.000 +0.000 +0.000 +0.000 +0.000 +0.000 +0.000 +0.000 +0.000 +0.000 +0.000 +0.000
+1.000 +1.000 +1.000 +1.000 +1.000 +1.000 +1.000 +1.000 +1.000 +1.000 +0.998 +0.977 +0.905 +0.709 +0.484 +0.265 +0.108 +0.050 +0.018 +0.000 +0.000 +0.000 +0.000 +0.000 +0.000 +0.000 +0.000 +0.000 +0.000 +0.000 +0.000 +0.000 +0.000 +0.000 +0.000 +0.000 +0.000 +0.000 +0.000 +0.000 +0.000 +0.000 +0.000 +0.000 +0.000 +0.000 +0.000 +0.000 +0.000 +0.000
+1.000 +1.000 +1.000 +1.000 +1.000 +1.000 +1.000 +1.000 +1.000 +1.000 +0.996 +0.972 +0.892 +0.723 +0.499 +0.248 +0.107 +0.049 +0.008 +0.000 +0.000 +0.000 +0.000 +0.000 +0.000 +0.000 +0.000 +0.000 +0.000 +0.000 +0.000 +0.000 +0.000 +0.000 +0.000 +0.000 +0.000 +0.000 +0.000 +0.000 +0.000 +0.000 +0.000 +0.000 +0.000 +0.000 +0.000 +0.000 +0.000 +0.000
