+0.504 +0.504 +0.504 +0.504 +0.504 +0.504 +0.504 +0.504 +0.507 +0.509 +0.511 +0.513 +0.516 +0.518 +0.520 +0.521 +0.522 +0.524 +0.525 +0.527 +0.528 +0.530 +0.531 +0.533 +0.535 +0.538 +0.541 +0.542 +0.543 +0.543 +0.543 +0.543 +0.543 +0.543 +0.544 +0.544 +0.544 +0.544 +0.545 +0.545 +0.545 +0.546 +0.546 +0.546 +0.547 +0.548 +0.548 +0.548 +0.548 +0.548
+0.504 +0.504 +0.504 +0.504 +0.504 +0.504 +0.504 +0.507 +0.509 +0.511 +0.514 +0.516 +0.518 +0.520 +0.522 +0.524 +0.525 +0.526 +0.528 +0.529 +0.531 +0.533 +0.536 +0.538 +0.541 +0.544 +0.546 +0.548 +0.549 +0.549 +0.549 +0.549 +0.549 +0.549 +0.548 +0.548 +0.548 +0.547 +0.547 +0.547 +0.548 +0.548 +0.548 +0.549 +0.550 +0.550 +0.550 +0.550 +0.550 +0.550
+0.504 +0.504 +0.504 +0.504 +0.504 +0.504 +0.506 +0.509 +0.511 +0.513 +0.516 +0.518 +0.520 +0.522 +0.525 +0.526 +0.528 +0.529 +0.531 +0.533 +0.536 +0.539 +0.541 +0.544 +0.547 +0.549 +0.552 +0.553 +0.554 +0.555 +0.555 +0.555 +0.555 +0.554 +0.554 +0.554 +0.553 +0.553 +0.552 +0.552 +0.552 +0.551 +0.551 +0.551 +0.551 +0.552 +0.552 +0.552 +0.552 +0.552
+0.504 +0.504 +0.504 +0.504 +0.504 +0.506 +0.508 +0.511 +0.513 +0.515 +0.518 +0.520 +0.522 +0.525 +0.527 +0.529 +0.531 +0.534 +0.536 +0.539 +0.542 +0.544 +0.547 +0.550 +0.553 +0.555 +0.557 +0.559 +0.559 +0.560 +0.561 +0.561 +0.561 +0.561 +0.560 +0.560 +0.559 +0.559 +0.559 +0.558 +0.558 +0.557 +0.557 +0.554 +0.553 +0.553 +0.554 +0.554 +0.554 +0.554
+0.504 +0.504 +0.504 +0.504 +0.506 +0.508 +0.510 +0.513 +0.515 +0.517 +0.520 +0.522 +0.525 +0.527 +0.530 +0.534 +0.537 +0.539 +0.542 +0.545 +0.548 +0.550 +0.553 +0.556 +0.558 +0.561 +0.563 +0.564 +0.565 +0.566 +0.568 +0.570 +0.569 +0.569 +0.568 +0.568 +0.568 +0.567 +0.567 +0.566 +0.566 +0.565 +0.563 +0.561 +0.558 +0.557 +0.557 +0.556 +0.556 +0.556
+0.504 +0.504 +0.504 +0.505 +0.508 +0.510 +0.512 +0.515 +0.517 +0.519 +0.522 +0.524 +0.527 +0.531 +0.535 +0.539 +0.542 +0.545 +0.547 +0.550 +0.553 +0.556 +0.558 +0.561 +0.564 +0.567 +0.568 +0.570 +0.571 +0.574 +0.577 +0.578 +0.577 +0.577 +0.577 +0.576 +0.576 +0.575 +0.575 +0.574 +0.574 +0.572 +0.570 +0.567 +0.565 +0.562 +0.561 +0.560 +0.560 +0.560
+0.504 +0.504 +0.505 +0.507 +0.510 +0.512 +0.514 +0.517 +0.519 +0.521 +0.524 +0.526 +0.531 +0.536 +0.540 +0.544 +0.547 +0.550 +0.553 +0.556 +0.558 +0.561 +0.564 +0.567 +0.569 +0.572 +0.573 +0.576 +0.579 +0.582 +0.585 +0.586 +0.585 +0.585 +0.585 +0.584 +0.584 +0.583 +0.583 +0.582 +0.580 +0.578 +0.576 +0.574 +0.571 +0.569 +0.566 +0.564 +0.564 +0.564
+0.504 +0.504 +0.507 +0.509 +0.512 +0.514 +0.516 +0.519 +0.521 +0.523 +0.526 +0.530 +0.535 +0.540 +0.545 +0.549 +0.553 +0.556 +0.558 +0.561 +0.564 +0.567 +0.569 +0.572 +0.575 +0.577 +0.581 +0.584 +0.587 +0.590 +0.592 +0.593 +0.593 +0.593 +0.592 +0.592 +0.592 +0.591 +0.591 +0.589 +0.587 +0.585 +0.582 +0.580 +0.578 +0.575 +0.573 +0.570 +0.568 +0.568
+0.504 +0.506 +0.509 +0.511 +0.514 +0.516 +0.518 +0.521 +0.523 +0.525 +0.530 +0.535 +0.540 +0.545 +0.549 +0.554 +0.558 +0.561 +0.564 +0.566 +0.569 +0.572 +0.575 +0.577 +0.580 +0.585 +0.588 +0.592 +0.595 +0.598 +0.599 +0.600 +0.601 +0.601 +0.600 +0.600 +0.600 +0.599 +0.597 +0.595 +0.593 +0.591 +0.589 +0.586 +0.584 +0.582 +0.579 +0.577 +0.574 +0.572
+0.506 +0.508 +0.511 +0.513 +0.516 +0.518 +0.520 +0.523 +0.525 +0.529 +0.534 +0.539 +0.544 +0.549 +0.554 +0.559 +0.563 +0.566 +0.569 +0.572 +0.575 +0.577 +0.580 +0.583 +0.588 +0.593 +0.596 +0.599 +0.603 +0.605 +0.606 +0.607 +0.608 +0.609 +0.608 +0.608 +0.607 +0.605 +0.603 +0.601 +0.599 +0.597 +0.595 +0.592 +0.590 +0.588 +0.585 +0.583 +0.581 +0.578
+0.508 +0.510 +0.513 +0.515 +0.518 +0.520 +0.522 +0.525 +0.528 +0.533 +0.538 +0.543 +0.548 +0.553 +0.558 +0.563 +0.568 +0.572 +0.575 +0.577 +0.580 +0.583 +0.586 +0.591 +0.597 +0.601 +0.604 +0.607 +0.611 +0.612 +0.613 +0.614 +0.615 +0.616 +0.616 +0.616 +0.614 +0.612 +0.609 +0.607 +0.605 +0.603 +0.601 +0.598 +0.596 +0.594 +0.591 +0.589 +0.587 +0.584
+0.510 +0.512 +0.515 +0.517 +0.520 +0.522 +0.524 +0.527 +0.532 +0.537 +0.542 +0.547 +0.552 +0.557 +0.562 +0.567 +0.572 +0.576 +0.580 +0.583 +0.585 +0.588 +0.594 +0.599 +0.605 +0.608 +0.612 +0.615 +0.618 +0.619 +0.621 +0.622 +0.623 +0.624 +0.625 +0.622 +0.620 +0.618 +0.616 +0.613 +0.611 +0.609 +0.607 +0.604 +0.602 +0.600 +0.597 +0.595 +0.593 +0.590
+0.512 +0.514 +0.517 +0.519 +0.522 +0.524 +0.526 +0.531 +0.536 +0.541 +0.546 +0.551 +0.556 +0.561 +0.566 +0.571 +0.576 +0.581 +0.585 +0.588 +0.591 +0.596 +0.602 +0.608 +0.614 +0.618 +0.622 +0.627 +0.628 +0.630 +0.631 +0.632 +0.633 +0.634 +0.633 +0.630 +0.628 +0.625 +0.622 +0.619 +0.617 +0.615 +0.613 +0.610 +0.608 +0.606 +0.603 +0.601 +0.599 +0.596
+0.514 +0.516 +0.519 +0.521 +0.524 +0.526 +0.530 +0.535 +0.540 +0.545 +0.550 +0.555 +0.560 +0.566 +0.571 +0.575 +0.580 +0.585 +0.590 +0.594 +0.599 +0.605 +0.611 +0.619 +0.625 +0.629 +0.634 +0.637 +0.639 +0.640 +0.642 +0.643 +0.645 +0.643 +0.642 +0.639 +0.636 +0.633 +0.630 +0.628 +0.625 +0.622 +0.619 +0.616 +0.614 +0.612 +0.609 +0.607 +0.605 +0.602
+0.516 +0.519 +0.521 +0.524 +0.526 +0.529 +0.534 +0.539 +0.544 +0.549 +0.554 +0.559 +0.565 +0.570 +0.575 +0.580 +0.585 +0.589 +0.594 +0.602 +0.608 +0.615 +0.623 +0.631 +0.636 +0.641 +0.646 +0.649 +0.651 +0.653 +0.654 +0.656 +0.654 +0.653 +0.651 +0.649 +0.646 +0.643 +0.640 +0.637 +0.634 +0.631 +0.628 +0.624 +0.621 +0.619 +0.616 +0.613 +0.611 +0.608
+0.518 +0.521 +0.523 +0.526 +0.528 +0.533 +0.538 +0.543 +0.548 +0.553 +0.558 +0.564 +0.569 +0.574 +0.579 +0.584 +0.589 +0.594 +0.601 +0.610 +0.620 +0.627 +0.635 +0.643 +0.648 +0.654 +0.660 +0.662 +0.664 +0.665 +0.667 +0.665 +0.664 +0.662 +0.660 +0.659 +0.657 +0.654 +0.651 +0.647 +0.644 +0.641 +0.638 +0.634 +0.631 +0.628 +0.623 +0.619 +0.615 +0.612
+0.520 +0.523 +0.525 +0.528 +0.532 +0.537 +0.542 +0.547 +0.552 +0.557 +0.563 +0.568 +0.573 +0.578 +0.583 +0.588 +0.593 +0.600 +0.608 +0.620 +0.631 +0.640 +0.648 +0.657 +0.663 +0.669 +0.673 +0.675 +0.676 +0.678 +0.676 +0.675 +0.673 +0.671 +0.670 +0.668 +0.666 +0.664 +0.661 +0.658 +0.655 +0.651 +0.648 +0.643 +0.639 +0.634 +0.630 +0.625 +0.621 +0.617
+0.522 +0.525 +0.527 +0.531 +0.536 +0.541 +0.546 +0.551 +0.556 +0.561 +0.567 +0.572 +0.577 +0.582 +0.587 +0.592 +0.598 +0.607 +0.619 +0.630 +0.642 +0.652 +0.662 +0.672 +0.678 +0.685 +0.689 +0.693 +0.696 +0.694 +0.691 +0.689 +0.687 +0.684 +0.682 +0.680 +0.678 +0.675 +0.671 +0.668 +0.664 +0.659 +0.654 +0.650 +0.645 +0.641 +0.636 +0.632 +0.627 +0.623
+0.525 +0.527 +0.530 +0.534 +0.539 +0.545 +0.550 +0.555 +0.560 +0.565 +0.571 +0.576 +0.581 +0.586 +0.591 +0.596 +0.605 +0.617 +0.629 +0.641 +0.653 +0.665 +0.678 +0.690 +0.700 +0.707 +0.712 +0.715 +0.713 +0.711 +0.708 +0.706 +0.705 +0.703 +0.702 +0.701 +0.699 +0.694 +0.687 +0.679 +0.671 +0.666 +0.661 +0.656 +0.652 +0.647 +0.642 +0.638 +0.634 +0.629
+0.527 +0.529 +0.533 +0.538 +0.543 +0.548 +0.554 +0.559 +0.564 +0.569 +0.574 +0.579 +0.585 +0.590 +0.595 +0.602 +0.614 +0.626 +0.639 +0.651 +0.664 +0.684 +0.706 +0.729 +0.743 +0.744 +0.751 +0.744 +0.736 +0.734 +0.733 +0.731 +0.729 +0.728 +0.723 +0.717 +0.711 +0.705 +0.699 +0.691 +0.683 +0.675 +0.668 +0.663 +0.658 +0.653 +0.649 +0.644 +0.640 +0.636
+0.528 +0.531 +0.536 +0.542 +0.547 +0.552 +0.557 +0.562 +0.568 +0.573 +0.578 +0.583 +0.588 +0.594 +0.599 +0.609 +0.622 +0.635 +0.650 +0.672 +0.697 +0.725 +0.760 +0.788 +0.810 +0.820 +0.811 +0.788 +0.775 +0.762 +0.758 +0.752 +0.746 +0.740 +0.734 +0.728 +0.722 +0.716 +0.710 +0.702 +0.694 +0.686 +0.678 +0.671 +0.665 +0.660 +0.655 +0.651 +0.646 +0.642
+0.529 +0.533 +0.539 +0.544 +0.549 +0.555 +0.560 +0.566 +0.571 +0.576 +0.581 +0.587 +0.592 +0.597 +0.604 +0.617 +0.630 +0.647 +0.669 +0.698 +0.730 +0.771 +0.831 +0.885 +0.920 +0.920 +0.905 +0.877 +0.833 +0.805 +0.781 +0.770 +0.761 +0.751 +0.745 +0.739 +0.732 +0.726 +0.720 +0.714 +0.706 +0.698 +0.690 +0.682 +0.675 +0.668 +0.662 +0.657 +0.653 +0.648
+0.530 +0.535 +0.541 +0.546 +0.552 +0.557 +0.563 +0.568 +0.574 +0.579 +0.584 +0.590 +0.595 +0.600 +0.611 +0.624 +0.637 +0.660 +0.686 +0.723 +0.767 +0.840 +0.931 +0.980 +0.992 +0.991 +0.975 +0.938 +0.891 +0.849 +0.820 +0.792 +0.781 +0.772 +0.762 +0.753 +0.743 +0.737 +0.731 +0.725 +0.718 +0.710 +0.701 +0.693 +0.685 +0.678 +0.672 +0.666 +0.659 +0.655
+0.532 +0.538 +0.543 +0.549 +0.554 +0.559 +0.565 +0.570 +0.576 +0.581 +0.587 +0.592 +0.598 +0.605 +0.617 +0.630 +0.645 +0.668 +0.700 +0.742 +0.802 +0.906 +0.991 +1.004 +1.004 +1.004 +1.004 +0.976 +0.932 +0.888 +0.857 +0.830 +0.804 +0.791 +0.783 +0.773 +0.764 +0.755 +0.743 +0.735 +0.726 +0.717 +0.710 +0.702 +0.694 +0.686 +0.678 +0.672 +0.666 +0.660
+0.534 +0.540 +0.545 +0.551 +0.556 +0.562 +0.567 +0.573 +0.578 +0.583 +0.589 +0.594 +0.600 +0.609 +0.622 +0.636 +0.652 +0.678 +0.719 +0.764 +0.827 +0.932 +0.988 +1.004 +1.004 +1.004 +1.004 +1.000 +0.958 +0.916 +0.875 +0.852 +0.829 +0.808 +0.795 +0.786 +0.777 +0.769 +0.761 +0.753 +0.744 +0.731 +0.721 +0.714 +0.706 +0.699 +0.691 +0.683 +0.674 +0.667
+0.537 +0.542 +0.548 +0.553 +0.559 +0.564 +0.569 +0.575 +0.580 +0.586 +0.591 +0.597 +0.605 +0.614 +0.627 +0.641 +0.653 +0.678 +0.724 +0.773 +0.850 +0.931 +0.974 +1.004 +1.004 +1.004 +1.004 +1.004 +0.983 +0.941 +0.899 +0.867 +0.843 +0.820 +0.804 +0.792 +0.784 +0.776 +0.768 +0.759 +0.751 +0.741 +0.729 +0.720 +0.712 +0.705 +0.697 +0.690 +0.682 +0.675
+0.539 +0.544 +0.550 +0.555 +0.561 +0.566 +0.572 +0.577 +0.583 +0.588 +0.593 +0.601 +0.609 +0.619 +0.631 +0.643 +0.656 +0.676 +0.715 +0.765 +0.834 +0.912 +0.954 +0.992 +1.004 +1.004 +1.004 +1.004 +0.996 +0.967 +0.924 +0.882 +0.858 +0.835 +0.813 +0.799 +0.789 +0.781 +0.773 +0.765 +0.757 +0.749 +0.737 +0.725 +0.717 +0.710 +0.702 +0.695 +0.688 +0.681
+0.541 +0.547 +0.552 +0.558 +0.563 +0.568 +0.574 +0.579 +0.585 +0.590 +0.596 +0.604 +0.612 +0.621 +0.633 +0.646 +0.658 +0.680 +0.715 +0.749 +0.813 +0.870 +0.912 +0.954 +0.993 +1.004 +1.004 +1.004 +1.004 +0.982 +0.948 +0.906 +0.874 +0.850 +0.827 +0.808 +0.794 +0.786 +0.779 +0.771 +0.763 +0.754 +0.743 +0.731 +0.721 +0.714 +0.707 +0.700 +0.693 +0.686
+0.543 +0.549 +0.554 +0.560 +0.565 +0.571 +0.576 +0.581 +0.586 +0.591 +0.598 +0.606 +0.614 +0.623 +0.635 +0.648 +0.661 +0.683 +0.710 +0.741 +0.790 +0.835 +0.869 +0.911 +0.954 +0.979 +0.995 +1.004 +1.004 +0.993 +0.967 +0.931 +0.890 +0.865 +0.843 +0.819 +0.804 +0.792 +0.784 +0.776 +0.768 +0.760 +0.750 +0.738 +0.726 +0.718 +0.711 +0.703 +0.697 +0.690
+0.546 +0.551 +0.557 +0.562 +0.567 +0.572 +0.577 +0.582 +0.587 +0.592 +0.600 +0.608 +0.616 +0.625 +0.638 +0.650 +0.664 +0.682 +0.703 +0.735 +0.771 +0.801 +0.827 +0.868 +0.910 +0.946 +0.964 +0.981 +0.989 +0.994 +0.976 +0.950 +0.911 +0.877 +0.853 +0.834 +0.813 +0.799 +0.789 +0.781 +0.773 +0.765 +0.757 +0.746 +0.734 +0.722 +0.715 +0.708 +0.701 +0.694
+0.548 +0.553 +0.558 +0.563 +0.568 +0.573 +0.578 +0.583 +0.588 +0.594 +0.602 +0.610 +0.618 +0.627 +0.640 +0.652 +0.664 +0.681 +0.701 +0.729 +0.754 +0.783 +0.807 +0.835 +0.869 +0.910 +0.931 +0.949 +0.965 +0.973 +0.960 +0.944 +0.927 +0.894 +0.872 +0.849 +0.825 +0.808 +0.794 +0.786 +0.778 +0.771 +0.763 +0.752 +0.740 +0.728 +0.719 +0.712 +0.704 +0.697
+0.549 +0.554 +0.559 +0.564 +0.569 +0.574 +0.578 +0.583 +0.588 +0.596 +0.604 +0.612 +0.620 +0.629 +0.642 +0.652 +0.664 +0.679 +0.699 +0.723 +0.751 +0.771 +0.787 +0.812 +0.844 +0.877 +0.900 +0.914 +0.936 +0.948 +0.935 +0.920 +0.906 +0.895 +0.875 +0.855 +0.834 +0.815 +0.802 +0.791 +0.783 +0.775 +0.767 +0.759 +0.747 +0.735 +0.723 +0.715 +0.708 +0.701
+0.550 +0.555 +0.559 +0.564 +0.569 +0.574 +0.579 +0.584 +0.590 +0.598 +0.606 +0.614 +0.622 +0.631 +0.642 +0.651 +0.663 +0.677 +0.698 +0.718 +0.742 +0.761 +0.773 +0.792 +0.818 +0.852 +0.883 +0.895 +0.905 +0.921 +0.910 +0.903 +0.896 +0.889 +0.876 +0.855 +0.834 +0.816 +0.804 +0.793 +0.787 +0.779 +0.771 +0.763 +0.752 +0.740 +0.729 +0.719 +0.712 +0.705
+0.550 +0.555 +0.560 +0.565 +0.570 +0.575 +0.580 +0.585 +0.592 +0.600 +0.608 +0.616 +0.624 +0.631 +0.641 +0.651 +0.663 +0.677 +0.693 +0.712 +0.733 +0.750 +0.763 +0.776 +0.796 +0.826 +0.860 +0.877 +0.888 +0.897 +0.900 +0.893 +0.886 +0.879 +0.872 +0.855 +0.834 +0.816 +0.805 +0.793 +0.786 +0.780 +0.773 +0.766 +0.757 +0.745 +0.733 +0.722 +0.715 +0.708
+0.551 +0.556 +0.561 +0.566 +0.571 +0.576 +0.581 +0.586 +0.594 +0.602 +0.610 +0.618 +0.625 +0.631 +0.640 +0.650 +0.663 +0.677 +0.688 +0.706 +0.724 +0.740 +0.753 +0.766 +0.779 +0.801 +0.834 +0.861 +0.871 +0.880 +0.883 +0.883 +0.876 +0.869 +0.863 +0.855 +0.834 +0.817 +0.805 +0.794 +0.786 +0.779 +0.773 +0.766 +0.757 +0.747 +0.737 +0.726 +0.718 +0.709
+0.551 +0.556 +0.561 +0.567 +0.571 +0.576 +0.581 +0.589 +0.597 +0.605 +0.613 +0.619 +0.625 +0.631 +0.640 +0.650 +0.662 +0.675 +0.684 +0.700 +0.716 +0.730 +0.743 +0.756 +0.769 +0.782 +0.808 +0.842 +0.854 +0.863 +0.866 +0.869 +0.866 +0.860 +0.853 +0.845 +0.834 +0.817 +0.805 +0.794 +0.785 +0.779 +0.772 +0.765 +0.757 +0.748 +0.737 +0.727 +0.716 +0.707
+0.551 +0.557 +0.562 +0.567 +0.572 +0.577 +0.583 +0.591 +0.599 +0.607 +0.613 +0.619 +0.625 +0.631 +0.640 +0.649 +0.662 +0.672 +0.682 +0.694 +0.709 +0.719 +0.732 +0.745 +0.758 +0.771 +0.785 +0.815 +0.837 +0.846 +0.850 +0.852 +0.854 +0.850 +0.843 +0.835 +0.826 +0.818 +0.806 +0.794 +0.785 +0.778 +0.772 +0.764 +0.756 +0.748 +0.736 +0.723 +0.712 +0.703
+0.552 +0.557 +0.562 +0.567 +0.573 +0.578 +0.585 +0.593 +0.600 +0.607 +0.613 +0.618 +0.624 +0.630 +0.639 +0.648 +0.660 +0.669 +0.678 +0.690 +0.704 +0.711 +0.722 +0.735 +0.748 +0.761 +0.774 +0.789 +0.819 +0.829 +0.833 +0.835 +0.838 +0.840 +0.833 +0.825 +0.819 +0.815 +0.806 +0.795 +0.784 +0.778 +0.771 +0.764 +0.754 +0.743 +0.732 +0.719 +0.708 +0.699
+0.552 +0.557 +0.562 +0.567 +0.573 +0.578 +0.586 +0.594 +0.600 +0.606 +0.612 +0.617 +0.623 +0.629 +0.637 +0.647 +0.657 +0.666 +0.675 +0.685 +0.699 +0.705 +0.713 +0.724 +0.737 +0.750 +0.763 +0.775 +0.793 +0.813 +0.816 +0.818 +0.821 +0.823 +0.823 +0.818 +0.813 +0.809 +0.806 +0.795 +0.784 +0.777 +0.770 +0.760 +0.749 +0.738 +0.728 +0.715 +0.704 +0.695
+0.552 +0.557 +0.562 +0.567 +0.572 +0.579 +0.587 +0.593 +0.599 +0.605 +0.611 +0.617 +0.622 +0.628 +0.636 +0.646 +0.654 +0.663 +0.672 +0.680 +0.693 +0.700 +0.706 +0.715 +0.727 +0.739 +0.752 +0.764 +0.777 +0.796 +0.799 +0.801 +0.805 +0.809 +0.812 +0.812 +0.808 +0.804 +0.801 +0.799 +0.785 +0.774 +0.765 +0.755 +0.744 +0.733 +0.723 +0.712 +0.700 +0.691
+0.552 +0.557 +0.562 +0.567 +0.572 +0.580 +0.587 +0.592 +0.598 +0.604 +0.610 +0.616 +0.621 +0.627 +0.634 +0.643 +0.651 +0.660 +0.668 +0.676 +0.688 +0.695 +0.702 +0.708 +0.717 +0.728 +0.741 +0.754 +0.766 +0.778 +0.787 +0.791 +0.795 +0.798 +0.802 +0.806 +0.802 +0.799 +0.796 +0.791 +0.783 +0.772 +0.761 +0.750 +0.739 +0.728 +0.718 +0.707 +0.696 +0.688
+0.552 +0.557 +0.562 +0.567 +0.573 +0.580 +0.586 +0.591 +0.597 +0.603 +0.609 +0.615 +0.621 +0.626 +0.632 +0.640 +0.649 +0.657 +0.665 +0.672 +0.683 +0.690 +0.696 +0.703 +0.709 +0.719 +0.730 +0.743 +0.756 +0.768 +0.777 +0.781 +0.784 +0.788 +0.792 +0.795 +0.796 +0.792 +0.786 +0.780 +0.777 +0.770 +0.759 +0.747 +0.735 +0.723 +0.713 +0.703 +0.693 +0.686
+0.552 +0.557 +0.562 +0.567 +0.573 +0.579 +0.585 +0.591 +0.596 +0.602 +0.608 +0.614 +0.620 +0.625 +0.631 +0.637 +0.646 +0.654 +0.661 +0.669 +0.677 +0.685 +0.691 +0.697 +0.703 +0.710 +0.720 +0.732 +0.745 +0.757 +0.766 +0.770 +0.773 +0.777 +0.780 +0.784 +0.784 +0.779 +0.773 +0.770 +0.767 +0.764 +0.755 +0.743 +0.731 +0.720 +0.708 +0.698 +0.689 +0.682
+0.552 +0.557 +0.562 +0.566 +0.572 +0.578 +0.584 +0.590 +0.595 +0.601 +0.607 +0.613 +0.619 +0.624 +0.629 +0.634 +0.643 +0.651 +0.658 +0.665 +0.672 +0.679 +0.686 +0.692 +0.698 +0.704 +0.710 +0.720 +0.732 +0.745 +0.753 +0.759 +0.760 +0.764 +0.765 +0.765 +0.766 +0.765 +0.763 +0.760 +0.757 +0.753 +0.750 +0.739 +0.728 +0.716 +0.707 +0.698 +0.688 +0.682
+0.552 +0.557 +0.561 +0.565 +0.571 +0.577 +0.583 +0.589 +0.595 +0.600 +0.606 +0.612 +0.618 +0.623 +0.628 +0.633 +0.640 +0.648 +0.654 +0.661 +0.668 +0.674 +0.680 +0.686 +0.692 +0.698 +0.704 +0.710 +0.720 +0.732 +0.741 +0.750 +0.749 +0.746 +0.747 +0.749 +0.753 +0.754 +0.752 +0.749 +0.746 +0.743 +0.740 +0.736 +0.725 +0.716 +0.706 +0.697 +0.688 +0.682
+0.552 +0.556 +0.560 +0.564 +0.570 +0.576 +0.582 +0.588 +0.594 +0.599 +0.605 +0.611 +0.617 +0.622 +0.626 +0.631 +0.636 +0.643 +0.651 +0.658 +0.664 +0.669 +0.675 +0.681 +0.687 +0.693 +0.698 +0.704 +0.710 +0.719 +0.727 +0.733 +0.734 +0.733 +0.733 +0.735 +0.740 +0.742 +0.740 +0.739 +0.736 +0.732 +0.730 +0.728 +0.724 +0.715 +0.705 +0.696 +0.688 +0.682
+0.551 +0.554 +0.558 +0.564 +0.569 +0.575 +0.581 +0.587 +0.593 +0.598 +0.604 +0.610 +0.615 +0.620 +0.623 +0.627 +0.632 +0.639 +0.647 +0.654 +0.660 +0.665 +0.670 +0.675 +0.681 +0.687 +0.693 +0.699 +0.704 +0.708 +0.713 +0.719 +0.723 +0.723 +0.722 +0.722 +0.727 +0.730 +0.729 +0.727 +0.727 +0.725 +0.723 +0.721 +0.720 +0.714 +0.704 +0.695 +0.687 +0.681
+0.549 +0.553 +0.557 +0.563 +0.568 +0.574 +0.580 +0.586 +0.592 +0.598 +0.603 +0.609 +0.613 +0.616 +0.619 +0.623 +0.629 +0.634 +0.643 +0.650 +0.656 +0.661 +0.666 +0.670 +0.675 +0.681 +0.687 +0.691 +0.694 +0.697 +0.700 +0.705 +0.711 +0.712 +0.712 +0.713 +0.717 +0.721 +0.720 +0.720 +0.719 +0.718 +0.716 +0.715 +0.713 +0.711 +0.704 +0.694 +0.687 +0.681
+0.548 +0.552 +0.556 +0.562 +0.567 +0.573 +0.579 +0.585 +0.591 +0.597 +0.602 +0.606 +0.609 +0.612 +0.616 +0.620 +0.626 +0.631 +0.638 +0.645 +0.652 +0.657 +0.662 +0.666 +0.671 +0.675 +0.678 +0.682 +0.685 +0.688 +0.691 +0.694 +0.700 +0.704 +0.705 +0.707 +0.711 +0.715 +0.713 +0.712 +0.712 +0.711 +0.710 +0.708 +0.706 +0.704 +0.702 +0.693 +0.687 +0.681
+0.546 +0.550 +0.555 +0.561 +0.567 +0.572 +0.578 +0.584 +0.589 +0.594 +0.599 +0.602 +0.605 +0.609 +0.612 +0.618 +0.624 +0.628 +0.634 +0.641 +0.648 +0.654 +0.658 +0.662 +0.665 +0.669 +0.672 +0.676 +0.679 +0.682 +0.685 +0.688 +0.691 +0.697 +0.699 +0.702 +0.706 +0.709 +0.708 +0.705 +0.704 +0.704 +0.703 +0.701 +0.699 +0.697 +0.696 +0.693 +0.687 +0.680
