+0.013 +0.001 -0.012 -0.024 -0.037 -0.049 -0.060 -0.068 -0.074 -0.079 -0.085 -0.090 -0.093 -0.095 -0.097 -0.092 -0.089 -0.087 -0.087 -0.088 -0.089 -0.094 -0.099 -0.107 -0.115 -0.124 -0.136 -0.153 -0.169 -0.185 -0.198 -0.210 -0.225 -0.235 -0.236 -0.236 -0.238 -0.232 -0.226 -0.222 -0.215 -0.209 -0.203 -0.199 -0.196 -0.190 -0.184 -0.176 -0.168 -0.159
+0.025 +0.015 +0.003 -0.009 -0.022 -0.034 -0.048 -0.058 -0.066 -0.071 -0.077 -0.082 -0.086 -0.089 -0.091 -0.089 -0.084 -0.082 -0.081 -0.081 -0.083 -0.086 -0.092 -0.099 -0.107 -0.116 -0.129 -0.145 -0.162 -0.177 -0.190 -0.203 -0.218 -0.224 -0.224 -0.225 -0.224 -0.217 -0.213 -0.206 -0.200 -0.194 -0.189 -0.186 -0.180 -0.175 -0.167 -0.159 -0.150 -0.141
+0.036 +0.028 +0.018 +0.006 -0.007 -0.019 -0.032 -0.046 -0.056 -0.063 -0.068 -0.075 -0.079 -0.082 -0.084 -0.085 -0.079 -0.077 -0.075 -0.075 -0.077 -0.078 -0.084 -0.091 -0.100 -0.108 -0.121 -0.138 -0.154 -0.170 -0.183 -0.197 -0.210 -0.212 -0.212 -0.213 -0.209 -0.202 -0.198 -0.191 -0.185 -0.179 -0.175 -0.170 -0.165 -0.159 -0.150 -0.142 -0.133 -0.128
+0.045 +0.039 +0.031 +0.021 +0.008 -0.004 -0.017 -0.031 -0.044 -0.053 -0.061 -0.067 -0.072 -0.075 -0.078 -0.080 -0.075 -0.071 -0.069 -0.068 -0.069 -0.071 -0.076 -0.083 -0.092 -0.100 -0.114 -0.130 -0.147 -0.163 -0.175 -0.190 -0.200 -0.200 -0.200 -0.200 -0.195 -0.189 -0.183 -0.176 -0.171 -0.165 -0.159 -0.154 -0.149 -0.141 -0.133 -0.125 -0.119 -0.117
+0.052 +0.048 +0.043 +0.034 +0.023 +0.011 -0.002 -0.015 -0.029 -0.041 -0.050 -0.058 -0.064 -0.068 -0.071 -0.073 -0.072 -0.066 -0.064 -0.062 -0.062 -0.064 -0.068 -0.076 -0.084 -0.093 -0.106 -0.122 -0.139 -0.156 -0.168 -0.183 -0.188 -0.188 -0.188 -0.186 -0.180 -0.174 -0.167 -0.162 -0.156 -0.149 -0.144 -0.140 -0.133 -0.124 -0.117 -0.111 -0.109 -0.108
+0.060 +0.056 +0.051 +0.046 +0.038 +0.026 +0.013 +0.000 -0.013 -0.027 -0.038 -0.047 -0.055 -0.061 -0.064 -0.067 -0.067 -0.062 -0.059 -0.057 -0.056 -0.056 -0.061 -0.068 -0.076 -0.085 -0.099 -0.114 -0.132 -0.149 -0.162 -0.175 -0.176 -0.175 -0.176 -0.173 -0.166 -0.159 -0.153 -0.147 -0.140 -0.134 -0.129 -0.123 -0.115 -0.109 -0.103 -0.101 -0.099 -0.092
+0.069 +0.064 +0.060 +0.054 +0.050 +0.041 +0.029 +0.015 +0.002 -0.012 -0.025 -0.036 -0.045 -0.052 -0.057 -0.060 -0.062 -0.058 -0.054 -0.052 -0.050 -0.049 -0.053 -0.060 -0.068 -0.077 -0.092 -0.106 -0.126 -0.141 -0.155 -0.164 -0.163 -0.163 -0.162 -0.158 -0.150 -0.144 -0.138 -0.130 -0.123 -0.119 -0.114 -0.107 -0.100 -0.094 -0.092 -0.090 -0.083 -0.076
+0.077 +0.074 +0.068 +0.064 +0.058 +0.053 +0.044 +0.032 +0.017 +0.004 -0.010 -0.024 -0.033 -0.043 -0.047 -0.053 -0.056 -0.054 -0.049 -0.046 -0.044 -0.043 -0.046 -0.052 -0.061 -0.070 -0.085 -0.099 -0.120 -0.135 -0.147 -0.152 -0.150 -0.150 -0.150 -0.142 -0.135 -0.129 -0.122 -0.114 -0.108 -0.104 -0.098 -0.091 -0.086 -0.084 -0.081 -0.074 -0.067 -0.061
+0.078 +0.079 +0.079 +0.073 +0.068 +0.062 +0.056 +0.048 +0.034 +0.020 +0.005 -0.008 -0.021 -0.030 -0.039 -0.043 -0.048 -0.049 -0.045 -0.041 -0.039 -0.037 -0.039 -0.044 -0.053 -0.062 -0.077 -0.091 -0.113 -0.127 -0.138 -0.139 -0.138 -0.137 -0.136 -0.127 -0.120 -0.114 -0.104 -0.098 -0.095 -0.089 -0.082 -0.078 -0.075 -0.072 -0.065 -0.057 -0.051 -0.047
+0.079 +0.080 +0.082 +0.083 +0.078 +0.072 +0.066 +0.060 +0.050 +0.037 +0.022 +0.007 -0.006 -0.018 -0.027 -0.034 -0.039 -0.042 -0.041 -0.036 -0.034 -0.031 -0.031 -0.037 -0.045 -0.055 -0.070 -0.085 -0.107 -0.119 -0.126 -0.125 -0.125 -0.126 -0.120 -0.111 -0.105 -0.094 -0.088 -0.084 -0.080 -0.072 -0.068 -0.067 -0.062 -0.055 -0.049 -0.042 -0.038 -0.033
+0.085 +0.082 +0.083 +0.084 +0.086 +0.083 +0.077 +0.071 +0.064 +0.053 +0.039 +0.024 +0.010 -0.005 -0.016 -0.023 -0.029 -0.035 -0.034 -0.031 -0.028 -0.026 -0.022 -0.029 -0.037 -0.048 -0.062 -0.079 -0.100 -0.111 -0.114 -0.112 -0.112 -0.113 -0.103 -0.096 -0.086 -0.078 -0.075 -0.071 -0.063 -0.059 -0.058 -0.053 -0.046 -0.040 -0.035 -0.028 -0.025 -0.020
+0.095 +0.090 +0.086 +0.086 +0.087 +0.088 +0.088 +0.082 +0.076 +0.068 +0.057 +0.042 +0.027 +0.012 -0.003 -0.012 -0.020 -0.025 -0.026 -0.025 -0.022 -0.021 -0.017 -0.021 -0.030 -0.041 -0.054 -0.072 -0.092 -0.099 -0.100 -0.099 -0.102 -0.097 -0.088 -0.078 -0.069 -0.064 -0.062 -0.054 -0.050 -0.049 -0.044 -0.039 -0.032 -0.025 -0.021 -0.017 -0.013 -0.009
+0.105 +0.100 +0.096 +0.091 +0.089 +0.090 +0.090 +0.092 +0.087 +0.081 +0.073 +0.061 +0.045 +0.029 +0.014 +0.001 -0.008 -0.017 -0.018 -0.018 -0.015 -0.014 -0.012 -0.014 -0.022 -0.033 -0.047 -0.066 -0.084 -0.087 -0.087 -0.087 -0.089 -0.080 -0.071 -0.060 -0.054 -0.052 -0.044 -0.041 -0.040 -0.035 -0.030 -0.023 -0.017 -0.013 -0.010 -0.005 -0.003 -0.006
+0.112 +0.108 +0.105 +0.101 +0.096 +0.092 +0.092 +0.093 +0.094 +0.092 +0.085 +0.077 +0.065 +0.048 +0.032 +0.017 +0.005 -0.004 -0.012 -0.011 -0.010 -0.006 -0.005 -0.005 -0.014 -0.026 -0.041 -0.060 -0.074 -0.074 -0.074 -0.077 -0.075 -0.063 -0.052 -0.045 -0.042 -0.035 -0.032 -0.031 -0.028 -0.022 -0.013 -0.009 -0.005 -0.002 +0.001 -0.000 -0.003 -0.006
+0.116 +0.114 +0.111 +0.108 +0.105 +0.101 +0.096 +0.095 +0.096 +0.097 +0.096 +0.090 +0.082 +0.070 +0.052 +0.035 +0.020 +0.008 -0.000 -0.003 -0.003 +0.001 +0.002 +0.003 -0.005 -0.018 -0.033 -0.053 -0.061 -0.061 -0.063 -0.066 -0.056 -0.044 -0.036 -0.031 -0.025 -0.023 -0.024 -0.020 -0.012 -0.005 -0.002 +0.001 +0.005 +0.006 +0.003 -0.000 -0.004 -0.006
+0.120 +0.118 +0.116 +0.114 +0.111 +0.108 +0.105 +0.102 +0.099 +0.099 +0.100 +0.100 +0.095 +0.086 +0.075 +0.057 +0.041 +0.023 +0.012 +0.007 +0.005 +0.006 +0.009 +0.010 +0.004 -0.009 -0.026 -0.044 -0.049 -0.049 -0.053 -0.049 -0.036 -0.027 -0.021 -0.016 -0.013 -0.015 -0.010 -0.003 +0.002 +0.006 +0.007 +0.010 +0.008 +0.005 +0.002 -0.000 -0.002 -0.004
+0.127 +0.124 +0.121 +0.119 +0.117 +0.114 +0.111 +0.108 +0.105 +0.103 +0.103 +0.102 +0.102 +0.100 +0.091 +0.080 +0.064 +0.046 +0.028 +0.018 +0.015 +0.014 +0.016 +0.016 +0.012 -0.001 -0.019 -0.033 -0.037 -0.039 -0.040 -0.028 -0.019 -0.013 -0.006 -0.005 -0.006 -0.000 +0.006 +0.010 +0.011 +0.013 +0.013 +0.011 +0.007 +0.005 +0.004 +0.002 -0.002 -0.006
+0.135 +0.132 +0.128 +0.125 +0.123 +0.120 +0.118 +0.115 +0.111 +0.107 +0.105 +0.105 +0.105 +0.105 +0.104 +0.096 +0.085 +0.069 +0.051 +0.034 +0.027 +0.022 +0.024 +0.025 +0.020 +0.005 -0.014 -0.024 -0.023 -0.026 -0.021 -0.010 -0.003 +0.004 +0.003 +0.002 +0.008 +0.014 +0.016 +0.016 +0.018 +0.016 +0.013 +0.011 +0.010 +0.008 +0.004 +0.001 -0.001 -0.003
+0.146 +0.142 +0.138 +0.134 +0.130 +0.127 +0.124 +0.122 +0.119 +0.116 +0.112 +0.107 +0.105 +0.106 +0.106 +0.106 +0.101 +0.092 +0.075 +0.056 +0.043 +0.037 +0.032 +0.034 +0.028 +0.011 -0.007 -0.011 -0.011 -0.012 -0.003 +0.006 +0.011 +0.011 +0.010 +0.016 +0.021 +0.018 +0.021 +0.021 +0.018 +0.017 +0.016 +0.014 +0.010 +0.008 +0.005 +0.003 +0.001 -0.002
+0.158 +0.153 +0.149 +0.145 +0.140 +0.136 +0.132 +0.128 +0.126 +0.123 +0.120 +0.116 +0.112 +0.107 +0.106 +0.108 +0.107 +0.104 +0.095 +0.079 +0.063 +0.053 +0.046 +0.042 +0.036 +0.020 +0.008 +0.002 -0.001 +0.002 +0.013 +0.017 +0.019 +0.018 +0.023 +0.023 +0.022 +0.025 +0.023 +0.022 +0.022 +0.020 +0.016 +0.014 +0.012 +0.009 +0.005 +0.002 -0.002 -0.006
+0.173 +0.167 +0.161 +0.156 +0.151 +0.147 +0.143 +0.139 +0.135 +0.131 +0.127 +0.124 +0.120 +0.115 +0.111 +0.109 +0.109 +0.109 +0.108 +0.100 +0.084 +0.072 +0.064 +0.057 +0.050 +0.033 +0.021 +0.015 +0.014 +0.015 +0.021 +0.022 +0.024 +0.027 +0.025 +0.026 +0.027 +0.027 +0.027 +0.026 +0.023 +0.021 +0.018 +0.013 +0.009 +0.005 +0.002 -0.002 -0.007 -0.012
+0.192 +0.186 +0.180 +0.175 +0.169 +0.163 +0.158 +0.153 +0.147 +0.142 +0.137 +0.133 +0.129 +0.124 +0.119 +0.114 +0.111 +0.109 +0.112 +0.112 +0.103 +0.092 +0.082 +0.075 +0.062 +0.048 +0.034 +0.029 +0.027 +0.030 +0.030 +0.028 +0.026 +0.027 +0.032 +0.032 +0.032 +0.032 +0.030 +0.027 +0.021 +0.016 +0.013 +0.009 +0.005 -0.001 -0.006 -0.011 -0.016 -0.022
+0.211 +0.205 +0.199 +0.193 +0.187 +0.182 +0.177 +0.171 +0.166 +0.160 +0.155 +0.149 +0.143 +0.137 +0.131 +0.124 +0.118 +0.112 +0.111 +0.113 +0.112 +0.104 +0.098 +0.094 +0.081 +0.064 +0.046 +0.041 +0.040 +0.037 +0.033 +0.030 +0.033 +0.034 +0.035 +0.035 +0.034 +0.028 +0.023 +0.018 +0.015 +0.009 +0.004 -0.002 -0.007 -0.013 -0.018 -0.025 -0.031 -0.037
+0.235 +0.228 +0.220 +0.213 +0.207 +0.201 +0.195 +0.189 +0.184 +0.178 +0.172 +0.166 +0.160 +0.152 +0.145 +0.137 +0.130 +0.124 +0.119 +0.117 +0.113 +0.108 +0.106 +0.100 +0.092 +0.078 +0.060 +0.052 +0.047 +0.040 +0.039 +0.038 +0.038 +0.039 +0.037 +0.031 +0.025 +0.019 +0.012 +0.006 -0.000 -0.007 -0.014 -0.020 -0.026 -0.033 -0.039 -0.045 -0.052 -0.058
+0.259 +0.253 +0.246 +0.239 +0.231 +0.224 +0.216 +0.209 +0.201 +0.195 +0.189 +0.183 +0.177 +0.170 +0.163 +0.156 +0.148 +0.141 +0.134 +0.128 +0.121 +0.115 +0.116 +0.108 +0.095 +0.077 +0.063 +0.059 +0.052 +0.049 +0.046 +0.043 +0.040 +0.036 +0.028 +0.020 +0.012 +0.004 -0.004 -0.011 -0.018 -0.024 -0.031 -0.037 -0.044 -0.050 -0.057 -0.063 -0.070 -0.076
+0.274 +0.267 +0.260 +0.253 +0.247 +0.240 +0.233 +0.227 +0.220 +0.213 +0.206 +0.200 +0.193 +0.186 +0.178 +0.170 +0.163 +0.156 +0.149 +0.143 +0.136 +0.124 +0.111 +0.103 +0.090 +0.071 +0.070 +0.066 +0.063 +0.058 +0.051 +0.044 +0.035 +0.025 +0.015 +0.006 -0.002 -0.011 -0.019 -0.026 -0.033 -0.039 -0.045 -0.051 -0.057 -0.063 -0.070 -0.077 -0.084 -0.090
+0.287 +0.280 +0.273 +0.266 +0.260 +0.253 +0.246 +0.239 +0.232 +0.225 +0.218 +0.211 +0.204 +0.197 +0.190 +0.182 +0.173 +0.165 +0.157 +0.149 +0.133 +0.110 +0.091 +0.083 +0.081 +0.073 +0.066 +0.069 +0.066 +0.059 +0.047 +0.035 +0.024 +0.014 +0.004 -0.006 -0.016 -0.025 -0.035 -0.044 -0.053 -0.061 -0.068 -0.074 -0.080 -0.086 -0.092 -0.098 -0.104 -0.110
+0.300 +0.293 +0.286 +0.280 +0.273 +0.266 +0.259 +0.252 +0.245 +0.238 +0.231 +0.223 +0.215 +0.205 +0.195 +0.184 +0.174 +0.166 +0.154 +0.140 +0.121 +0.101 +0.082 +0.072 +0.061 +0.060 +0.062 +0.058 +0.060 +0.056 +0.047 +0.038 +0.024 +0.009 -0.004 -0.015 -0.026 -0.036 -0.046 -0.055 -0.065 -0.074 -0.083 -0.091 -0.100 -0.108 -0.115 -0.122 -0.128 -0.134
+0.313 +0.306 +0.299 +0.292 +0.285 +0.278 +0.269 +0.261 +0.252 +0.243 +0.235 +0.225 +0.216 +0.205 +0.193 +0.181 +0.171 +0.158 +0.144 +0.127 +0.106 +0.092 +0.072 +0.059 +0.046 +0.045 +0.048 +0.058 +0.057 +0.056 +0.051 +0.038 +0.025 +0.011 -0.004 -0.019 -0.031 -0.042 -0.053 -0.064 -0.075 -0.085 -0.094 -0.104 -0.112 -0.121 -0.129 -0.137 -0.144 -0.152
+0.321 +0.313 +0.304 +0.295 +0.287 +0.278 +0.269 +0.260 +0.250 +0.239 +0.229 +0.218 +0.206 +0.195 +0.186 +0.175 +0.160 +0.139 +0.121 +0.104 +0.089 +0.073 +0.056 +0.039 +0.026 +0.029 +0.033 +0.043 +0.047 +0.047 +0.049 +0.044 +0.026 +0.012 -0.002 -0.016 -0.031 -0.045 -0.057 -0.069 -0.080 -0.091 -0.102 -0.113 -0.124 -0.133 -0.141 -0.149 -0.157 -0.165
+0.319 +0.310 +0.301 +0.292 +0.282 +0.272 +0.261 +0.251 +0.240 +0.229 +0.218 +0.207 +0.198 +0.189 +0.172 +0.154 +0.136 +0.119 +0.108 +0.089 +0.070 +0.051 +0.040 +0.026 +0.015 +0.014 +0.016 +0.020 +0.031 +0.036 +0.037 +0.036 +0.029 +0.014 -0.002 -0.015 -0.028 -0.043 -0.057 -0.070 -0.083 -0.095 -0.106 -0.117 -0.128 -0.140 -0.150 -0.161 -0.170 -0.178
+0.314 +0.303 +0.293 +0.283 +0.272 +0.262 +0.252 +0.241 +0.231 +0.220 +0.210 +0.199 +0.185 +0.167 +0.150 +0.138 +0.127 +0.114 +0.093 +0.069 +0.045 +0.029 +0.023 +0.009 +0.002 +0.004 +0.002 +0.002 +0.010 +0.021 +0.025 +0.026 +0.022 +0.014 -0.000 -0.016 -0.029 -0.042 -0.056 -0.069 -0.082 -0.095 -0.108 -0.120 -0.132 -0.144 -0.155 -0.166 -0.176 -0.187
+0.305 +0.295 +0.285 +0.274 +0.264 +0.254 +0.243 +0.231 +0.219 +0.208 +0.197 +0.180 +0.161 +0.151 +0.142 +0.132 +0.117 +0.093 +0.072 +0.046 +0.026 +0.017 +0.003 -0.006 -0.009 -0.008 -0.012 -0.013 -0.008 +0.002 +0.012 +0.015 +0.013 +0.008 -0.002 -0.015 -0.031 -0.046 -0.057 -0.070 -0.083 -0.095 -0.108 -0.121 -0.134 -0.145 -0.157 -0.169 -0.182 -0.192
+0.297 +0.287 +0.277 +0.266 +0.253 +0.239 +0.227 +0.216 +0.206 +0.191 +0.176 +0.163 +0.154 +0.145 +0.133 +0.116 +0.094 +0.075 +0.050 +0.026 +0.008 +0.000 -0.015 -0.018 -0.018 -0.022 -0.025 -0.027 -0.025 -0.017 -0.005 +0.003 +0.004 +0.001 -0.007 -0.018 -0.029 -0.045 -0.061 -0.075 -0.086 -0.097 -0.109 -0.121 -0.134 -0.147 -0.159 -0.171 -0.183 -0.194
+0.286 +0.274 +0.260 +0.246 +0.234 +0.224 +0.214 +0.202 +0.188 +0.178 +0.167 +0.157 +0.145 +0.131 +0.115 +0.097 +0.078 +0.053 +0.029 +0.004 -0.006 -0.018 -0.030 -0.028 -0.026 -0.034 -0.038 -0.040 -0.039 -0.034 -0.024 -0.013 -0.008 -0.008 -0.011 -0.020 -0.032 -0.043 -0.060 -0.075 -0.091 -0.103 -0.114 -0.124 -0.136 -0.147 -0.160 -0.173 -0.185 -0.196
+0.267 +0.254 +0.242 +0.232 +0.222 +0.212 +0.201 +0.190 +0.181 +0.170 +0.158 +0.146 +0.130 +0.115 +0.098 +0.080 +0.056 +0.030 +0.006 -0.011 -0.022 -0.035 -0.042 -0.039 -0.038 -0.043 -0.052 -0.054 -0.053 -0.050 -0.041 -0.031 -0.022 -0.020 -0.019 -0.024 -0.034 -0.046 -0.057 -0.073 -0.090 -0.106 -0.120 -0.132 -0.141 -0.151 -0.161 -0.173 -0.186 -0.198
+0.250 +0.240 +0.230 +0.222 +0.214 +0.203 +0.194 +0.183 +0.171 +0.159 +0.145 +0.129 +0.117 +0.099 +0.081 +0.057 +0.032 +0.009 -0.011 -0.026 -0.037 -0.049 -0.053 -0.050 -0.050 -0.054 -0.063 -0.066 -0.068 -0.065 -0.060 -0.049 -0.038 -0.032 -0.031 -0.031 -0.036 -0.047 -0.059 -0.070 -0.085 -0.102 -0.118 -0.135 -0.148 -0.158 -0.168 -0.177 -0.187 -0.198
+0.238 +0.232 +0.225 +0.216 +0.206 +0.195 +0.182 +0.172 +0.161 +0.145 +0.131 +0.118 +0.101 +0.082 +0.057 +0.033 +0.011 -0.010 -0.028 -0.041 -0.050 -0.061 -0.064 -0.060 -0.062 -0.065 -0.074 -0.077 -0.079 -0.080 -0.076 -0.068 -0.057 -0.047 -0.044 -0.042 -0.044 -0.049 -0.060 -0.072 -0.083 -0.097 -0.114 -0.130 -0.147 -0.161 -0.172 -0.184 -0.194 -0.204
+0.235 +0.227 +0.218 +0.206 +0.194 +0.183 +0.172 +0.160 +0.145 +0.134 +0.120 +0.102 +0.083 +0.058 +0.034 +0.012 -0.009 -0.027 -0.045 -0.054 -0.063 -0.073 -0.074 -0.071 -0.073 -0.078 -0.084 -0.088 -0.091 -0.092 -0.090 -0.085 -0.076 -0.065 -0.059 -0.058 -0.054 -0.056 -0.062 -0.073 -0.085 -0.096 -0.109 -0.126 -0.143 -0.159 -0.174 -0.186 -0.197 -0.208
+0.229 +0.218 +0.206 +0.195 +0.184 +0.172 +0.159 +0.146 +0.136 +0.120 +0.103 +0.083 +0.059 +0.035 +0.012 -0.008 -0.027 -0.045 -0.060 -0.065 -0.075 -0.085 -0.084 -0.083 -0.085 -0.090 -0.095 -0.099 -0.102 -0.104 -0.103 -0.100 -0.094 -0.084 -0.075 -0.071 -0.071 -0.067 -0.068 -0.075 -0.086 -0.098 -0.109 -0.121 -0.138 -0.155 -0.171 -0.186 -0.200 -0.210
+0.218 +0.207 +0.196 +0.183 +0.172 +0.158 +0.148 +0.137 +0.120 +0.102 +0.083 +0.060 +0.037 +0.014 -0.007 -0.028 -0.045 -0.062 -0.071 -0.076 -0.087 -0.095 -0.093 -0.095 -0.096 -0.103 -0.106 -0.110 -0.113 -0.116 -0.115 -0.113 -0.110 -0.102 -0.092 -0.087 -0.083 -0.083 -0.079 -0.081 -0.088 -0.099 -0.111 -0.122 -0.134 -0.150 -0.167 -0.183 -0.198 -0.213
+0.208 +0.196 +0.182 +0.171 +0.159 +0.150 +0.137 +0.120 +0.100 +0.082 +0.060 +0.038 +0.015 -0.006 -0.027 -0.045 -0.064 -0.076 -0.081 -0.088 -0.099 -0.104 -0.104 -0.106 -0.108 -0.115 -0.118 -0.123 -0.124 -0.127 -0.127 -0.126 -0.123 -0.119 -0.111 -0.102 -0.098 -0.096 -0.096 -0.092 -0.093 -0.101 -0.112 -0.124 -0.135 -0.147 -0.162 -0.178 -0.195 -0.210
+0.195 +0.182 +0.171 +0.161 +0.150 +0.137 +0.119 +0.099 +0.081 +0.061 +0.038 +0.015 -0.006 -0.027 -0.047 -0.064 -0.079 -0.089 -0.092 -0.101 -0.111 -0.113 -0.115 -0.117 -0.120 -0.127 -0.130 -0.134 -0.135 -0.138 -0.140 -0.139 -0.136 -0.132 -0.128 -0.119 -0.114 -0.110 -0.110 -0.108 -0.104 -0.107 -0.115 -0.125 -0.137 -0.148 -0.160 -0.173 -0.190 -0.206
+0.183 +0.172 +0.162 +0.151 +0.136 +0.118 +0.098 +0.080 +0.061 +0.038 +0.016 -0.006 -0.027 -0.047 -0.065 -0.082 -0.093 -0.100 -0.103 -0.113 -0.122 -0.123 -0.126 -0.129 -0.133 -0.139 -0.142 -0.146 -0.148 -0.149 -0.152 -0.151 -0.149 -0.145 -0.142 -0.136 -0.129 -0.126 -0.123 -0.124 -0.121 -0.117 -0.120 -0.128 -0.138 -0.150 -0.162 -0.173 -0.185 -0.201
+0.173 +0.163 +0.150 +0.134 +0.116 +0.097 +0.079 +0.061 +0.039 +0.016 -0.006 -0.027 -0.047 -0.067 -0.084 -0.097 -0.106 -0.111 -0.116 -0.126 -0.133 -0.134 -0.137 -0.140 -0.145 -0.151 -0.154 -0.158 -0.160 -0.160 -0.163 -0.163 -0.162 -0.159 -0.155 -0.152 -0.145 -0.141 -0.137 -0.136 -0.137 -0.133 -0.129 -0.133 -0.141 -0.151 -0.163 -0.175 -0.186 -0.197
+0.162 +0.150 +0.133 +0.115 +0.097 +0.079 +0.062 +0.039 +0.016 -0.005 -0.027 -0.047 -0.068 -0.086 -0.101 -0.111 -0.118 -0.121 -0.128 -0.137 -0.143 -0.145 -0.148 -0.152 -0.157 -0.163 -0.166 -0.170 -0.173 -0.173 -0.174 -0.175 -0.174 -0.172 -0.168 -0.165 -0.160 -0.156 -0.152 -0.149 -0.150 -0.149 -0.146 -0.141 -0.147 -0.155 -0.164 -0.176 -0.188 -0.198
+0.149 +0.132 +0.114 +0.096 +0.079 +0.062 +0.039 +0.016 -0.005 -0.026 -0.048 -0.068 -0.087 -0.103 -0.115 -0.123 -0.131 -0.133 -0.141 -0.149 -0.153 -0.156 -0.159 -0.163 -0.168 -0.174 -0.178 -0.182 -0.186 -0.185 -0.185 -0.187 -0.186 -0.185 -0.181 -0.178 -0.174 -0.170 -0.167 -0.164 -0.162 -0.163 -0.162 -0.158 -0.154 -0.160 -0.168 -0.177 -0.189 -0.200
+0.131 +0.113 +0.095 +0.079 +0.062 +0.040 +0.017 -0.005 -0.026 -0.048 -0.068 -0.088 -0.106 -0.119 -0.128 -0.136 -0.141 -0.145 -0.154 -0.161 -0.165 -0.167 -0.170 -0.174 -0.180 -0.186 -0.190 -0.194 -0.198 -0.198 -0.198 -0.198 -0.198 -0.197 -0.194 -0.191 -0.187 -0.184 -0.180 -0.179 -0.176 -0.176 -0.177 -0.174 -0.171 -0.168 -0.174 -0.182 -0.191 -0.201
+0.112 +0.095 +0.079 +0.062 +0.040 +0.017 -0.005 -0.026 -0.048 -0.068 -0.089 -0.108 -0.121 -0.132 -0.141 -0.148 -0.152 -0.158 -0.167 -0.172 -0.176 -0.178 -0.181 -0.185 -0.192 -0.198 -0.202 -0.206 -0.210 -0.211 -0.210 -0.209 -0.210 -0.209 -0.207 -0.204 -0.200 -0.197 -0.195 -0.192 -0.191 -0.188 -0.190 -0.190 -0.187 -0.183 -0.181 -0.187 -0.195 -0.204
+0.094 +0.079 +0.062 +0.040 +0.017 -0.005 -0.026 -0.048 -0.068 -0.089 -0.109 -0.124 -0.137 -0.146 -0.154 -0.161 -0.163 -0.171 -0.179 -0.185 -0.188 -0.190 -0.193 -0.196 -0.204 -0.210 -0.214 -0.218 -0.222 -0.225 -0.223 -0.222 -0.222 -0.221 -0.220 -0.216 -0.213 -0.210 -0.208 -0.205 -0.203 -0.203 -0.202 -0.203 -0.203 -0.199 -0.195 -0.194 -0.201 -0.208
