1.000000
1.000000
1.000000
1.000000
1.000000
1.000000
1.000000
1.000000
1.000000
1.000000
1.000000
1.000000
1.000000
1.000000
1.000000
1.000000
1.000000
1.000000
1.000000
1.000000
1.000000
1.000000
1.000000
1.000000
1.000000
1.000000
1.000000
1.000000
1.000000
1.000000
1.000000
1.000000
1.000000
1.000000
1.000000
1.000000
1.000000
1.000000
1.000000
1.000000
1.000000
1.000000
1.000000
1.000000
1.000000
1.000000
1.000000
1.000000
1.000000
1.000000
1.000000
0.999996
0.999575
0.944214
-0.512775
-0.943822
-0.988761
-0.995661
-0.997791
-0.998656
-0.999144
-0.999413
-0.999592
-0.999706
-0.999787
-0.999845
-0.999887
-0.999917
-0.999939
-0.999955
-0.999967
-0.999976
-0.999982
-0.999987
-0.999990
-0.999993
-0.999995
-0.999996
-0.999997
-0.999998
-0.999998
-0.999999
-0.999999
-0.999999
-1.000000
-1.000000
-1.000000
-1.000000
-1.000000
-1.000000
-1.000000
-1.000000
-1.000000
-1.000000
-1.000000
-1.000000
-1.000000
-1.000000
-1.000000
-1.000000
