0.234446
0.229721
0.224994
0.220267
0.215540
0.210812
0.206083
0.201354
0.196624
0.191893
0.187162
0.182431
0.177699
0.172966
0.168233
0.163499
0.158765
0.154031
0.149296
0.144561
0.139825
0.135089
0.130353
0.125616
0.120879
0.116141
0.111403
0.106665
0.101927
0.097188
0.092449
0.087709
0.082970
0.078230
0.073490
0.068750
0.064009
0.059268
0.054528
0.049787
0.045045
0.040304
0.035563
0.030821
0.026080
0.021338
0.016596
0.011855
0.007113
0.002371
0.000799
0.002397
0.003995
0.005594
0.007192
0.008790
0.010388
0.011987
0.013585
0.015183
0.016781
0.018379
0.019978
0.021576
0.023174
0.024772
0.026371
0.027969
0.029567
0.031165
0.032764
0.034362
0.035960
0.037559
0.039157
0.040755
0.042354
0.043952
0.045551
0.047149
0.048747
0.050346
0.051944
0.053543
0.055141
0.056740
0.058338
0.059937
0.061535
0.063134
0.064733
0.066331
0.067930
0.069529
0.071127
0.072726
0.074325
0.075923
0.077522
0.079121
