0.762281
0.769614
0.776937
0.784188
0.791439
0.798655
0.805676
0.811494
0.816309
0.821044
0.825781
0.830517
0.835974
0.842620
0.849653
0.856727
0.863805
0.870998
0.878191
0.885384
0.892576
0.899769
0.906961
0.914154
0.920425
0.925866
0.931241
0.936616
0.941991
0.947366
0.952913
0.958542
0.976264
0.993570
1.004163
1.013728
1.020533
1.027252
1.025039
1.022734
1.019772
1.015421
0.988500
0.944102
0.897422
0.881262
0.867030
0.853612
0.840319
0.840290
0.846367
0.852902
0.859612
0.864039
0.886113
0.899206
0.929778
0.960339
0.989550
1.012393
1.022759
1.029835
1.031873
1.024429
1.015543
1.005638
0.992037
0.976160
0.959717
0.943157
0.931179
0.926090
0.921000
0.917005
0.913241
0.909478
0.905549
0.900074
0.894055
0.887609
0.880511
0.871927
0.862849
0.853791
0.844608
0.834327
0.824198
0.815950
0.809424
0.802898
0.796372
0.789845
0.783319
0.776793
0.770267
0.763741
0.757214
0.750688
0.744162
0.737636
