3.024522355234035564e-02 2.684781701781217000e-01
-1.411998148782986073e-01 1.571611686326157831e-01
-3.607170490886169034e-02 2.832359698748877497e-01
-1.080752126416344161e-02 3.087393093808020739e-01
8.157567419616419679e-02 1.361509316204541353e-01
-8.643459882812605521e-02 2.233487466417166389e-01
-6.840693792249315230e-02 2.749934148105687148e-01
-2.441754219127117431e-01 3.048215286986267758e-01
-1.664184291901199542e-01 1.673897628682568806e-01
-2.500775680928263300e-01 1.225177938857409943e-01
-2.436371691912274928e-01 1.903848994380157311e-01
2.576752830573347808e-03 2.787950074131850808e-03
-6.232892439934759055e-02 1.402945361351679854e-01
1.928939507406899345e-01 2.603554150893829799e-01
2.105538820136998446e-02 1.321745076810826036e-01
-1.644819350358263099e-01 6.148484671569012794e-02
-1.076142153951369085e-01 -5.205920328963593857e-02
1.036814298363536169e-01 -1.198053977794473479e-02
6.810314142369600088e-03 8.282244945955888338e-02
1.234444073353627852e-01 1.561148832775069994e-01
1.769071144094452874e-02 2.099921731544654446e-02
2.551460911164017964e-01 6.607708147224697348e-02
1.043526807757469144e-01 -3.407054247248610113e-02
2.035357183588824281e-01 -4.326497636325923879e-02
8.113054965533042506e-02 4.422830707297306652e-02
-4.437102127959696718e-02 1.461291107994942551e-01
5.674548186360461877e-02 -4.940864514531231877e-02
-1.362073642057889666e-01 -6.627356316175295192e-02
1.441838277490131714e-01 -1.348197074253384975e-01
2.811657611322861960e-01 6.522147513051079759e-02
2.457381832196080251e-01 1.580724910511229209e-01
3.243460376333561213e-01 1.830782434383509960e-01
3.940289471269164956e-02 2.516876581528652568e-01
2.132820145154934455e-01 3.210699839471629069e-01
2.590973267639583577e-01 3.221751938156262041e-01
3.606474266964146413e-01 3.167675419403276349e-01
5.131860882826524417e-01 3.742481927415814980e-01
3.577015286093891966e-01 3.202389576166290719e-01
4.000451313490187566e-01 6.071775320879158055e-02
2.197291979770037151e-01 1.403383667894794740e-01
1.152468771641064760e-01 8.241083004121517452e-02
-5.802121053982561838e-03 -7.522052643168104791e-02
4.404669934380850416e-02 1.759777032399907903e-01
1.466608265537226452e-01 -9.444403717354152294e-02
1.591373021463923509e-01 -2.600108825190022843e-02
2.416813420531150336e-01 -2.499525081313711677e-03
4.304987427932313038e-01 -1.419778644448020932e-01
1.835485041976848419e-01 -1.092976070346336204e-01
1.204772226379370453e-01 1.292957982303410136e-01
2.546026627693799282e-01 3.242603662565134437e-01
3.340291036423317372e-01 1.727138183099792001e-01
2.049945500062851644e-01 3.200052242931446522e-01
1.061467110277018039e-01 3.291810860777131253e-01
3.332418552869365058e-01 2.930089785289440307e-01
4.452202886917147606e-02 2.960717925113928728e-01
-2.357805664653375710e-02 7.481378544570982392e-03
9.753938333074020639e-02 -3.426478247317905901e-02
1.593830726789370045e-01 2.112875245153935655e-01
4.274586211631457855e-02 -6.826667235749914187e-02
5.375973824382083988e-02 -1.844548623481770400e-02
8.882614534210170332e-02 2.774900186026565269e-02
1.118993631025783642e-01 1.570027267374491664e-01
-7.825256743361605483e-02 2.792932348367114237e-01
2.497879944037538491e-02 2.425687679189102164e-01
-9.389539200245679285e-02 2.446296553580580568e-01
1.004384727252861792e-01 2.722420363006448074e-01
-9.589391436181117501e-02 2.062494732767392314e-01
6.447317271118375992e-02 2.356295679790457176e-01
1.703017730238522986e-01 6.404674284062353284e-02
1.102143105133468748e-01 1.308880324484220092e-01
2.738665036723352819e-01 1.368405406827011006e-01
1.456094716492207508e-01 3.655637300010386448e-02
6.243307926372788919e-02 -8.505783753342184561e-02
6.390861925204011085e-02 -2.740273257760691417e-01
1.613968529123398499e-01 -1.693877173805936887e-01
8.486573997797190738e-02 1.082218780571226058e-01
3.988699939646440235e-02 2.134501496448381330e-01
4.655183679537106683e-02 2.078725846736636240e-01
-4.233265119351180966e-02 8.214782540458881455e-02
6.162531341141922608e-02 -3.929764219328839292e-02
2.076574663351650474e-01 2.170290954228793617e-02
3.688630971893983590e-01 1.772115146518715156e-01
3.481789218712220135e-01 2.310992081116831909e-01
4.010225523592680918e-01 3.125689223274693562e-01
3.461857269304839946e-01 2.913708467890945286e-01
1.639650924974640211e-01 2.286129935519199408e-01
3.585796657534137122e-01 -5.250351308995288013e-03
2.042382325053125058e-01 -8.316699584228386122e-02
5.859278302260914617e-02 -2.255099543677204221e-01
5.007224944094097047e-02 -2.562328585269252335e-01
-6.254228738612732652e-02 -3.695314336603958139e-02
4.734531095377690624e-02 4.891585248820501386e-02
-1.351662550448087252e-01 -1.153307518888970762e-01
9.282654458410344311e-02 -2.834776672951266896e-01
-4.302421196359337840e-02 -2.877141521724826401e-01
1.362496607108476809e-01 -2.998740433753116497e-01
-2.440377133043808433e-02 -1.544518768812464804e-01
-1.640430098048450969e-01 8.582403510870531549e-02
-1.068603119496713272e-01 -7.884799462813921189e-02
-5.592369332344107602e-02 -2.393362279351944066e-01
1.321937266338978345e-01 -2.769809376300356174e-01
6.037230043247851508e-02 -3.886926756044913889e-01
-9.626054741896233891e-02 -3.709985740662999909e-01
-6.870814335580108234e-02 -3.670059684845649040e-01
-8.238719157389873260e-02 -1.636416974923161904e-01
-1.272668551030100015e-01 1.311145553473660463e-01
-2.087150288632998452e-01 -1.005571855849480001e-01
7.475966933696934213e-02 -2.075601655805919821e-01
6.644053806071403834e-02 -2.135532127487179965e-01
-1.029012264656379017e-01 2.143151276308907782e-02
-6.408627476398198741e-02 1.583365741982629415e-01
5.989491411887759575e-03 1.439660149425150693e-01
-2.145487239034815641e-02 1.883120304430127845e-01
-3.152121028019642945e-02 1.164354076654715575e-01
1.302407653305718838e-01 1.856572051207440732e-01
7.396428111154945695e-02 3.802979460097344888e-01
1.778456142621922531e-01 3.603214050485959996e-01
1.540774497569047941e-01 4.286754469810396539e-01
2.398467808895378695e-01 2.853489716775157170e-01
3.411167141526802449e-01 3.277385963208459541e-02
2.044352193086802771e-01 1.454857899625562889e-01
2.057230282785778852e-01 -3.614502011775996837e-02
7.458426302063558833e-02 -2.282566820636333371e-01
2.287921154656411826e-01 -2.854904350528841839e-02
1.511924683916754664e-01 -1.940215700663249221e-01
3.418013826730789129e-01 -2.516068513046321176e-01
3.904055071163382573e-01 -3.977505877404772239e-01
5.064462529950501946e-01 -3.863173161739004158e-01
5.375653418853298948e-01 -4.181457669388645160e-01
5.364962760256802854e-01 -4.916130998515715889e-01
4.099655436081949267e-01 -6.665194557194558111e-01
3.150299496697108181e-01 -4.292079515838034265e-01
2.680665080369104558e-01 -4.754428691938704654e-01
3.847461145012140427e-01 -5.549558936335254877e-01
5.127203242951925422e-01 -2.681622921562509809e-01
3.073039139622525395e-01 -4.294537333039294413e-01
3.477214570857225517e-01 -1.558803884324344302e-01
9.726368010521618812e-02 -3.459395527317613572e-01
-8.130508221478022213e-02 -1.829406202099632950e-01
1.869662689831380620e-02 -3.497846474854990340e-01
-8.304666670019357488e-02 -2.203089884993481851e-01
-8.378171016249860714e-02 -3.564363544906979930e-01
-2.645053408821039787e-01 -3.166826335541418347e-01
-1.085935007882148085e-01 -5.156957034117697347e-01
-2.282272616449662617e-01 -2.559041429657072930e-01
-2.136796722990151054e-01 -1.120635117752150078e-01
-3.123412768628305858e-03 4.717877328927877478e-02
4.566595721189970619e-02 -1.141625624743664302e-01
2.412103574492277247e-01 -8.491308648473019915e-02
1.570596938156561817e-01 -5.731951027431909929e-02
-8.462250696329423616e-02 -1.185674955591736607e-01
-1.590372666487714082e-01 -2.765821756919457919e-02
8.123662846162280071e-02 -4.923889309503692857e-02
3.246851855138249698e-01 1.007214540282874715e-02
2.017633124204972483e-01 -9.393668519446035647e-02
-1.463780704693762313e-02 -1.159450825077087271e-01
-1.032282015201890779e-03 -3.301109583138908676e-02
-6.180620096350722403e-02 8.173131229928776165e-02
4.860023304602314326e-02 -1.033979513456861621e-01
9.526230463588228337e-02 6.091857590599003558e-02
-1.755316093763976681e-01 -1.105122598232846087e-01
-1.425457050913292723e-01 -1.980018927693977526e-01
-7.602460630767080008e-02 -2.053710106422230453e-01
-1.261866134213725510e-01 -1.497785307763621343e-01
1.717625718788064748e-01 -2.297312424185999347e-01
1.953919874376722210e-01 1.387065747788723824e-02
1.988629394301521802e-01 1.161493711181155325e-01
2.423011830469207206e-02 -2.976998616745187010e-02
1.264174480396901556e-01 9.022771273417301563e-02
2.032555199274991287e-01 9.133736555815595570e-02
2.403699037048519782e-01 6.164478818466541388e-02
1.203217166571468322e-01 1.536631025373738357e-01
3.122006210523391445e-01 1.057053225650574357e-01
3.646074327319088759e-01 2.823633610822189888e-01
3.595411081532571274e-01 2.291907929697326596e-01
1.648001898839632773e-01 2.998772618008357926e-02
7.053817607159257319e-02 5.284028705970660045e-03
1.174098153100437969e-01 -1.678190289687232495e-01
2.126254202378614067e-01 -1.728273661753076673e-01
9.736013768104244404e-02 -1.327157386879011247e-01
2.127011563595868626e-01 -9.445860432069325130e-02
-1.999933235955564381e-02 4.827682174216554878e-02
1.064111246237027519e-02 2.113902648375932669e-01
1.951656516636807726e-01 2.920210515102232840e-01
9.243993462974653408e-02 2.160387829850144992e-01
2.249924417518299469e-01 2.978914627916698366e-02
1.388489592656791949e-01 1.583328437702646863e-01
3.072957835662607495e-01 2.415617816363254955e-01
3.739357983763935689e-01 3.965891159855066128e-01
5.711824358718351480e-01 3.073444731088161852e-01
5.390048009434548204e-01 1.233191614680788639e-01
5.378562144588810989e-01 2.541415757465345093e-01
5.753921441510406742e-01 3.398715950115436257e-01
5.986312626807003268e-01 1.790002410500469709e-01
3.363540131254909582e-01 3.609328752470793988e-01
5.233152208819211726e-01 3.664042721806902714e-01
2.811008044396847705e-01 2.105983245494450762e-01
9.293045937124738698e-03 2.195192214333977765e-01
-1.445422596714612540e-01 1.485271344722761955e-01
-8.032379349077647945e-02 -4.844025367502835522e-03
4.682866941863639276e-02 1.708321108451329173e-01
1.015019311633482274e-01 -6.524925212220539228e-02
1.015019311633482274e-01 -6.524925212220539228e-02
