5.231447837314226468e-02 4.718627879900680333e-02
7.622116809665695214e-02 2.641231279626271577e-02
-1.478406476433622163e-01 -7.986364669198825483e-02
-1.001838791396371109e-01 -3.586029455708517055e-01
-2.677442996243659112e-03 -2.529566039916646414e-01
-1.021659005174863945e-02 -1.615891127550010686e-01
4.863706731566533326e-02 -2.174922216705664491e-02
-1.463999891778387519e-01 1.274801273381219735e-01
-3.244016080940179125e-01 5.291418115236845576e-02
-8.453011075926814000e-02 2.117513020538717428e-01
-2.074460675645110608e-01 -1.822103275138506340e-02
-2.083021967720679879e-01 -2.899843743701375348e-02
8.159036316483805895e-02 -1.615080191521638397e-01
2.016533521969211540e-01 4.413254841242122972e-03
1.703884857448430823e-01 -1.457678377303407435e-01
-6.885023726174302472e-02 -4.819507394486871599e-02
-3.388722032042393306e-02 8.032400059550806604e-02
5.423066138791041851e-02 -8.105180539908354853e-02
-6.096785114585431126e-02 -1.535490394415757742e-01
-7.417611220535311189e-02 1.046426488870249583e-01
7.741738383691584846e-02 -8.250469607707536235e-02
-6.080788442845219688e-02 1.716501818937045121e-01
-2.227179474086979916e-01 1.807595624429164660e-02
-2.245269677973786293e-01 1.357606445265289730e-01
-3.462737628088006780e-01 1.397612079841605848e-01
-4.275120241648973085e-01 -5.905339306162771251e-03
-1.950772950909836767e-01 5.922642568638149252e-03
-1.848819158976468535e-01 -1.099483074092802715e-01
-3.720350895112339851e-01 1.366729123218763109e-01
-3.925167717903313980e-01 2.445055332842225870e-01
-3.497028299341906621e-01 5.935847322102696944e-02
-2.550512288189626942e-01 2.624912663245737576e-01
-6.093096673426262599e-02 1.933392851540128576e-01
-4.622847152427823902e-02 2.331424275790480449e-01
-1.412741991604172798e-01 1.178953653973463245e-01
-3.329619706392848988e-01 -6.573062355488754060e-02
-2.444213400000161129e-01 5.574638548493528190e-02
-2.557985173548900093e-01 -1.577686690341098541e-02
-2.863378114484796955e-01 1.496770963186478398e-01
-1.543651275886653573e-01 1.007698275725752990e-01
-2.170780995711879824e-01 1.654338637812464430e-01
4.705895066711757169e-02 1.319429330385991084e-01
-1.246811890959602098e-01 1.380843927203561639e-01
-1.465729599125437099e-01 2.608031152775941441e-03
8.467946588075064840e-03 1.408632648187038983e-01
2.079794763273764280e-01 -1.314137176729735235e-01
2.714281764681905629e-01 -9.849128319749123062e-02
3.353283405373938542e-02 -1.017819466764186415e-01
5.317332769906348011e-02 -1.143793386219861541e-01
1.704009707607534452e-01 -1.658826207474634884e-01
6.348589657946213105e-03 -1.981471594157771243e-01
-9.969387785454639217e-02 -1.994390372095273534e-01
8.158608129988823010e-02 -6.847963186293512527e-02
-1.838901075843262234e-01 -1.956968533518818609e-01
5.986112158483714030e-03 -2.163695615985015419e-01
6.212396177974782718e-02 -1.504880291535116710e-01
2.096448096324973476e-01 1.154455129709924532e-01
-5.806062202998107935e-02 1.091599774712283533e-01
-7.024002974165059754e-02 -8.744098061592106563e-02
-6.389108425329066698e-02 1.433803023986403302e-01
-1.059890052793444615e-01 2.249388700908167837e-01
-1.527980940051726355e-01 -1.660531431126380242e-02
-3.406967474726314005e-01 -1.666327962879166624e-01
-2.605949181358713229e-01 -1.774014783129315986e-01
-2.867802299965983570e-01 -2.265356231775263463e-01
-2.750821887024427204e-01 -4.074499767197652389e-01
-4.114214618339416818e-01 -2.472822457067464230e-01
-1.882062328392338502e-01 -1.646805863055295360e-01
-7.516622232212102905e-02 -2.057349955756199167e-01
-2.555181800886536791e-01 -2.395343433638666697e-01
-2.809228422945886927e-01 3.011077122127836514e-04
-2.976141584883841285e-01 -1.701801576089393975e-01
-2.213708216496653447e-01 -9.422670721151565898e-02
-1.844181207518379717e-01 3.337538058076178205e-02
-3.027108205348828518e-01 -3.146844952264790662e-02
-2.087084070065584884e-01 5.742412261326400313e-02
-7.602653001438544611e-02 1.063776460160229809e-01
-6.304852260116677876e-05 1.634444354508431119e-02
-3.983401461702322510e-02 -1.595528532203971395e-01
-1.432563880003880352e-01 -6.466272842761017214e-02
8.996740380403117632e-02 -1.834899982356753279e-01
9.647261459813480378e-02 3.501124950557056581e-02
-6.898928444088361922e-03 -1.140805458353930241e-01
3.224128736883290214e-02 4.473295483793365140e-02
-5.966807485399423100e-02 1.843098091150389417e-01
-7.923444778813906741e-02 -4.434971843809246139e-02
-1.653571085787909067e-01 7.911164424437862330e-02
-2.514941926335305666e-01 -5.270621680423527577e-02
-2.064076476547855588e-01 6.677794064464445678e-02
-2.188923863262254021e-01 2.005768717698553361e-01
-1.682961516127216561e-01 1.769579030358538196e-01
-9.067428680452718770e-02 3.716011215068984463e-02
7.833797081330226564e-02 -1.143698690536768814e-01
-1.012778414243952485e-01 1.007451863179431584e-01
-4.778664022164189062e-02 8.957566837252484149e-02
8.101642919169080304e-02 -9.775428944305961099e-02
4.151363421750320359e-02 1.364244937024915172e-02
1.663275450611261530e-01 -1.285413132023554561e-01
1.351086949919937108e-02 -6.134851504005155165e-02
-2.742736738707372834e-02 -1.499975733884513218e-01
4.408399356275662095e-02 -1.186507102305036365e-01
-1.144356990343665809e-01 -1.778392047591808856e-01
7.367683500228015825e-02 -1.787278578476393653e-01
2.452525257746115406e-01 -2.478573674343166056e-01
4.994367106763622499e-02 -1.584664032288978508e-01
2.207156062302783328e-01 -7.040714913017775967e-04
2.836355137186650222e-01 -4.947703145322861207e-02
2.895525820052070598e-01 -1.738318431166254729e-01
1.540666561326971828e-01 -3.014608589574990782e-01
1.661317341766164191e-01 -3.969871037507186062e-02
9.507655684130286722e-02 1.466428433898782357e-01
6.527683203601419848e-02 1.045550144067419474e-01
-1.769695264196138873e-02 1.300709029124232086e-01
1.580862389516535793e-01 6.601252550404196340e-03
2.531954322226536158e-01 1.763173690115004688e-01
3.732557907904264782e-01 1.279132458778873549e-01
3.842434066074856824e-01 3.692050300484639447e-02
5.609001907043459356e-01 5.642705320766328025e-02
4.242232478950936914e-01 1.622310168178629497e-01
4.313650058588910374e-01 9.005809009609511140e-03
2.653921065838829030e-01 -1.835289695982365576e-01
2.503594139482568925e-01 1.550474953533659273e-02
-2.915288622662715046e-04 -1.502652225337196626e-02
6.641633282613519651e-02 1.461406208578144295e-01
2.434156179078505455e-01 -7.526401341113944654e-02
5.643114052142128578e-03 -9.966713398621709907e-02
-9.254592822096195659e-02 2.895650005391967041e-02
-1.869002699372241394e-01 -1.487263420510414602e-01
-4.642572509573275608e-02 1.057280105812843096e-01
-9.399737700476626379e-02 -3.998888999965974356e-02
5.316366615544709795e-02 -3.199852407641152335e-02
1.241804754315896653e-01 1.141427218927734411e-01
1.722809216714788760e-01 -1.713978823010461894e-02
2.650226962277554277e-01 -2.087367919368392222e-01
2.482810905539688806e-01 -1.035048572519643995e-01
-3.769555784293815437e-02 -2.720817746984736663e-01
1.323888871193849293e-01 -1.094353058774316656e-02
1.622166047767978070e-01 -1.863729958005169995e-01
2.276740416459877847e-01 -3.680517056942996246e-01
2.068446532864315346e-01 -3.762318686195231798e-01
3.133440783926033646e-01 -4.463308011844281387e-01
1.786072756817055074e-01 -4.581655877951283928e-01
7.619981489214232295e-02 -4.360403240210831699e-01
3.957340664315814327e-02 -2.990847749839327108e-01
-1.329530734238380807e-01 -2.210753260437241796e-01
-1.468415752495523530e-01 -1.331663008301628426e-01
-1.216865796370758535e-01 3.489321991327806738e-02
-1.583108061413797951e-01 -1.447311442770444212e-01
-7.097945868673939673e-02 -6.687917847814545125e-02
5.590315417607726045e-02 1.422347013572325125e-01
9.865213668373805367e-02 9.610011117534897340e-02
1.592224727587607247e-01 -1.252437814067967614e-01
3.560908399487417997e-01 -6.697914342472299776e-02
2.957862556699725198e-01 8.635740404369074419e-02
3.425169466308812805e-01 1.379389282857267918e-01
9.390674402013393651e-02 2.016486231310568034e-01
2.230025720240471632e-01 2.929011772511108669e-01
3.369024820214630567e-01 1.697578505885893874e-03
1.241914238394165315e-01 1.938696043621806198e-01
1.399291429945921650e-02 5.100353468160487291e-02
-9.129607083527635503e-02 -2.301502726879582073e-01
3.100948850296712800e-02 -2.066661858207376190e-01
6.797160109669936334e-02 -4.138967324879297416e-02
1.277579659777113297e-01 -7.267561889488144411e-02
-1.717795082049291266e-01 -2.647361274051896612e-02
-9.242370684437314909e-02 1.939840320990175726e-01
-3.433550384789069154e-03 1.245628447490889912e-01
-1.988913264978522111e-01 -3.490116640211671228e-02
-9.994610236181741825e-03 -5.980326120807337442e-02
-1.109137107721145932e-01 -5.900731394834338173e-02
-9.247994675768669848e-02 1.258371130967510243e-01
-2.303313042692387569e-01 -4.746311697229778359e-02
-2.877023876794124746e-01 -5.836061969088562895e-02
-2.031778068360804435e-01 -7.179778372181536139e-02
6.320408438193605982e-02 1.097801136847655346e-01
2.356493967220187058e-01 9.035645546467588329e-02
-4.275383221797188216e-02 -3.872057434651623997e-02
-6.367284781579513053e-02 -1.166521219186499869e-01
-4.885907336219054431e-02 -1.699406309212419253e-01
-1.984638256598285078e-01 -1.111114911305079445e-01
-1.932181478649063755e-01 -1.209159128646019599e-01
-2.344557577427785477e-01 -1.423192354926852976e-01
-1.627462815309244082e-01 -2.113584760339447255e-02
-1.591936502879909288e-01 1.266371402248565037e-01
-3.141371515727635622e-01 -7.350515860263781565e-02
-3.095284845363179826e-01 -2.557768661987155356e-01
-6.236983580367094770e-02 -4.137498803405785242e-01
-1.004319517096414344e-02 -3.143648774692314740e-01
-9.429116351859506695e-02 -2.542045786546941466e-01
-2.345906938482224258e-02 2.614763435793218682e-02
-2.342091671893761426e-02 1.246992628993197627e-01
1.611899886735138412e-02 2.160835673215800445e-01
2.986024428696872762e-02 1.629657698420687584e-01
9.581592332962708680e-02 5.473362492918078248e-02
9.950699673048510330e-02 1.019698351996599639e-01
1.506303209522419639e-01 2.685623937417691565e-01
2.366382875843522915e-02 5.385100296395892161e-02
-1.759237565062676811e-02 -1.103193240826835786e-01
8.063165996960613979e-02 -4.233413469697472342e-02
7.134842079771561152e-02 -2.349811404456022268e-01
-1.132200545507654477e-01 4.203451732186144763e-02
-5.384921506731565888e-02 2.361439695124483429e-01
-5.384921506731565888e-02 2.361439695124483429e-01
