-4.225240054933501188e-01 -5.305417621970343056e-01
-4.388033554252867008e-01 -5.864088512536547171e-01
-3.270793504846178368e-01 -6.364300775910617380e-01
-4.072946547227256353e-01 -3.702616348203192631e-01
-2.409118485964632794e-01 -4.482134841686673532e-01
-1.008548630433228344e-01 -4.611095043684434458e-01
3.511387754680234119e-02 -2.159965787054341779e-01
2.797540083454658211e-02 6.566818223761233808e-03
-9.215420588463878182e-02 -8.725038808355337072e-02
3.320538371028662616e-02 -1.075572335612117736e-01
-7.905355945946680729e-02 9.029454636920489219e-02
-2.384488685116415430e-01 1.809842819007736192e-01
3.116346103642952947e-02 1.153207041782703807e-01
6.185703835807779272e-02 6.518277545924916483e-02
-5.805540569583529653e-02 7.719856212791284533e-02
1.884241521042636647e-01 2.368553871343941353e-01
6.739416728087782582e-02 8.640771199963404037e-02
-1.194499722554696469e-01 2.364293382837289459e-01
-2.831709615235015742e-01 4.338437916341653100e-02
-2.054139326016226341e-01 5.158026850462626989e-02
-1.609153061071152135e-01 -6.489363956684997270e-02
-3.847300307016471299e-02 8.412464627050710020e-02
-8.485462025443681056e-02 -2.252523654702681677e-02
5.459266883059320924e-02 -1.762899723724262180e-01
1.949178723972211646e-01 -2.183248400112993426e-01
3.870707059489930657e-01 -1.383872599790134938e-01
3.124874460634000650e-01 -2.248915604444089444e-01
3.383598286237528008e-01 -3.050026926636120184e-01
1.516458358633638037e-01 -2.212462080500736672e-01
1.626283932232157614e-01 -4.218464065584978662e-02
2.098430756460638313e-01 1.205231920685197189e-01
1.817669369943651081e-01 6.215094795597491534e-02
-4.881595877027028463e-02 -1.275028450192736418e-01
1.266558306378933463e-01 4.406200143182824325e-02
1.462684560417602253e-01 1.778548977709443202e-01
1.580091749532128442e-01 2.184643331230888552e-01
2.367503133425918616e-01 7.459801565815882274e-02
1.600321109908409978e-01 1.765714051935975970e-01
1.493403912524789712e-01 3.795982787728546803e-02
1.368623186201373132e-03 -1.087972488094971213e-01
-1.469226747699236002e-01 -6.898349249848750864e-03
-2.082700716544951536e-01 -1.772550303324150200e-01
-1.125842939081893312e-01 -1.102210297607832123e-01
-1.578106582520193701e-01 -1.600994532954616578e-01
-1.771795744979674236e-01 -1.943523817593201530e-01
-4.982712575670750210e-02 -2.175559454888047195e-01
1.273174757969988691e-01 -7.043936586939522626e-02
-8.055168753733332743e-02 -1.736416208590420562e-01
4.402689106877138991e-02 8.239630220393201476e-03
3.921223950184737905e-03 1.639681125367465075e-01
1.414437680001258968e-01 3.915378924887080725e-02
1.324026769768329170e-01 -5.042605694851201581e-02
2.310313089607926862e-01 -2.063208521973335097e-01
2.598451941297039713e-01 -1.115983902860626653e-01
2.159681792442419146e-01 -2.561933785143716280e-01
1.226775085614405653e-01 -1.767318651691053011e-01
1.795981163411884685e-02 -1.250676073897807328e-01
1.694376906385581250e-01 1.147327091649602560e-02
-8.385479932574393946e-02 -1.852918738993539483e-01
-3.050694652247669114e-01 -6.584006589386154351e-02
-2.844622653419262570e-01 1.830960422623341688e-01
-2.834132201744564705e-01 2.524998603560537624e-01
-2.085698934482821121e-01 3.304849915428742513e-01
-4.058444989041599671e-01 3.107390536316472218e-01
-2.782748287661441777e-01 6.343755892380875672e-02
-3.913972735662799574e-01 1.270554762002633620e-01
-4.641058885356212915e-01 -2.212968884811319925e-02
-2.646286830614557051e-01 1.308527879167144942e-02
-8.311849824183065172e-02 -7.450625890461753942e-02
-2.405897356269584841e-01 1.463622670157666561e-01
5.300163736130791836e-02 -1.655637832997597370e-02
8.887380230366191680e-03 -8.634086378956079555e-02
-8.134717887188603475e-03 1.946291017342185181e-01
1.763940829504605512e-01 1.857245412325491951e-01
-2.636533430230264541e-02 5.611116081143108225e-02
-2.479759006967573523e-02 -5.205601280660948627e-02
4.580670336685452315e-02 -2.016984098543284643e-01
5.261550391291686807e-02 -1.634862754635900417e-01
1.744912332639209085e-01 -1.238806165258895808e-01
3.287787246205811642e-02 -2.865792026612421495e-01
-1.501805254506806964e-01 -2.246116366363359595e-01
-2.436011631813435607e-01 -2.701238046333013232e-01
-2.887800545183667467e-01 -2.644909140264751768e-01
-3.055526895002681487e-01 -2.419862183495824770e-01
-4.440598253521058636e-01 -1.088672131997573400e-01
-2.240162920296257798e-01 -2.201038935479336101e-01
-6.489589875626983195e-02 7.153446910484698162e-02
1.359694103606283733e-01 -8.189145586441154423e-03
-1.559510960009148350e-01 7.671685833402312749e-02
-1.798919501458870474e-02 -9.116419924482345449e-02
1.440926041157775395e-01 1.806855574585447544e-02
3.073243902539279926e-02 1.601890354028699393e-01
1.539495808730378945e-01 -9.310705422660628394e-02
-4.288061578713814326e-02 -2.713515022935302223e-01
7.068832282414520829e-02 -2.981416982722707720e-01
1.109381965133138942e-01 -6.352031158987672677e-02
-1.082176628987383815e-01 6.137826417162113579e-02
-9.539501598261099224e-02 -8.881376646661133523e-02
6.654852575320197028e-02 1.033908859985311207e-01
-2.324183693679833240e-01 1.269328375150322596e-01
-2.853965105669914459e-01 -4.397484002070761733e-02
-2.209048007404962044e-01 -2.185078327123435304e-01
-3.263220230529597088e-01 3.418750655009350492e-02
-1.095618991404104792e-01 1.355163174942922155e-01
4.244667351481198198e-02 1.142286261415851184e-01
1.760964411824933462e-02 2.508462782149565862e-01
2.132673160442882521e-01 2.581722497887920520e-01
2.725380752212253621e-01 -3.086732279824558334e-02
2.440656956038253778e-01 2.262545024495796198e-02
1.192858417432829943e-01 -8.431801078333936439e-02
-9.638505324674059849e-02 -1.783873623201644165e-02
6.203857832584250970e-02 -8.743708814658074369e-02
-5.214080906890918715e-02 -7.006149865188351922e-02
-1.765546051576241948e-01 5.796440726860899173e-02
-7.700548640082449658e-02 1.927453539982124653e-01
-1.171258079052020784e-01 1.882751371119232575e-01
7.808816178129679431e-02 -6.986880211907428584e-02
2.127378773960074687e-01 1.519738004887323246e-01
5.117062413080170069e-01 3.251221562848215507e-01
4.554640775605155456e-01 1.590391300330225022e-01
2.200852500336415163e-01 2.598723292013215835e-01
3.751995531374161530e-01 5.094221686853497855e-02
4.135573202420219641e-01 1.146012813496521954e-02
1.415211000078622494e-01 -4.234147419422391867e-02
1.765117369814102888e-01 5.534161532787555682e-02
1.544748807485243070e-01 4.094728612778882060e-03
1.757244439541401915e-01 1.483404783940174831e-01
-8.598342743271986111e-02 2.808345903788816988e-01
-2.532709803307056640e-01 1.082728599898352961e-01
-2.070849965374193524e-01 -1.475650601659848349e-01
-3.021957197928931693e-01 -8.976274198192496501e-03
-2.788204235668065856e-01 7.814912074332688863e-02
-3.677116118091973140e-01 2.733323097668466928e-01
-1.300577774620980398e-01 2.786449668163282767e-01
-3.188022283246655375e-01 2.849226529809909536e-01
-4.238853338974364893e-01 3.833202721623283349e-01
-3.709268288665479862e-01 8.354815782369742760e-02
-3.443960175334942475e-01 -9.939610400180345917e-02
-3.118893849292122544e-01 -2.378002266840519852e-01
-1.166715495070783926e-01 -3.722588885280620485e-01
-8.708991768772476882e-02 -2.119809497901593287e-01
9.326957627436151255e-02 -2.492323764421078003e-01
3.384305881394114590e-03 -3.316133256481483826e-01
6.588937761905377943e-02 -4.822901703911159910e-01
6.182812328848763528e-04 -3.750777714637492100e-01
-1.189750857014309215e-01 -4.169734266787393784e-01
-1.325102575654060477e-01 -1.521938301959006867e-01
-2.508677003285947893e-01 -2.440172781825326875e-01
-7.667213778957623904e-02 -2.129771053287704274e-01
-5.762013203373037018e-03 -2.301093109176604312e-01
-4.777130606963193860e-02 -3.190265362209101507e-01
1.111250213332933418e-01 -3.543428917602295947e-01
3.093056971865848492e-02 -2.782852136748056315e-01
2.109619226452409402e-01 -2.707912032618819964e-01
3.216926037877716471e-01 -1.491947220050069411e-01
2.871311498536891493e-01 -2.576654456128987247e-01
4.561194429227230507e-01 -9.837357971466034745e-02
1.954096032469162247e-01 -1.660309737248925888e-02
1.215674338357848605e-01 -3.532454460592868162e-02
6.648965850137733558e-02 7.175316932252878699e-02
-1.275577419884273978e-01 2.138240345850646318e-01
5.833235629697355873e-02 4.026216556838139171e-01
-7.406736089534654566e-03 4.581938837567526290e-01
-1.444814809553958412e-01 4.952962320957419173e-01
-1.101874667830474719e-01 5.605543115369460150e-01
6.362681235684392034e-02 5.512675803466273727e-01
1.592041842122190326e-02 4.597695017357773528e-01
2.224324166539662362e-02 6.180927748429123625e-01
1.748204495175075535e-01 5.623209336846836104e-01
2.511299684980570768e-01 3.808947361754155825e-01
3.231481750810351605e-01 1.960560670921567550e-01
3.565107853004817473e-02 2.600735638136892902e-01
1.832023819477251181e-01 2.549803760821404142e-01
3.566173983350285903e-01 7.384903696880698587e-02
2.723509535605168619e-01 4.113247634723247309e-02
5.765789166845863845e-03 1.506609248315698979e-01
1.203493070412700733e-01 -9.649989855289997642e-02
2.736446064373180831e-01 -5.758739281710847924e-02
1.421202609957656626e-01 -1.584397047981279671e-01
1.257768678686784769e-01 -4.399792331521254485e-02
1.423852346222057585e-01 -1.046155265073502594e-01
1.878982242051260854e-01 -7.513592417293321613e-02
-8.389975722515580214e-02 8.633849366620052757e-02
-8.858805620095008826e-02 2.160798617406647915e-02
-2.673074715127176093e-01 9.690466902061142807e-02
-6.394559973898414351e-02 3.514899937513643602e-02
1.256971693486163277e-01 1.110124046759233402e-01
-8.510806467164391820e-02 2.527286218298392950e-01
-7.517676060513407699e-02 8.199226574382753596e-02
1.067795735688502334e-02 1.678009902936759556e-01
-1.096822915752403149e-01 2.165345965719394916e-01
-1.411293814317194362e-01 5.020521487773441094e-02
-1.742100973437422373e-01 -2.526523636553906771e-02
9.099795359274509554e-02 7.969503619361072155e-03
3.883519998100826154e-02 2.944163385005952316e-01
-1.051827652458945661e-01 2.817303601242732158e-01
-7.206576703581235588e-02 9.839729850217124318e-02
-1.063475866343124993e-01 1.248075700960177281e-01
8.963837395347858117e-02 3.125324728239725625e-01
1.326129630749032229e-01 4.580208022408561730e-01
4.917319125714085526e-02 3.444449107872303850e-01
2.163445696954885422e-01 1.423535936328131635e-01
2.163445696954885422e-01 1.423535936328131635e-01
