-1.618951509122946997e-01 -3.501966357298593735e-01
-2.433756716359667394e-01 -3.956418090370223961e-01
-1.730168761478326211e-01 -3.845199812491251201e-01
-2.938026917738012500e-02 -1.342410091642507186e-01
-1.693079859984241708e-01 -9.674038625518016632e-02
1.305877369018429435e-01 8.288959464984085868e-02
-8.852083547083280934e-02 3.371792756215155618e-02
1.055827594061454627e-01 3.914767533040566794e-02
1.567418274121207544e-01 -2.011585473647643785e-01
-1.086844916973357389e-01 -2.147586403793103060e-02
-2.081534345558890553e-01 1.392336848160917462e-02
6.384098148477512780e-04 2.313910899457516379e-02
1.542132113208698196e-01 -1.402474097762480831e-02
-5.919273673467256858e-03 -8.236319311439657675e-04
-3.396827366941715387e-02 -1.895892477345921534e-01
6.091468459805275681e-02 1.011599187617939766e-01
6.592544108295468608e-02 -5.396269947278296841e-02
-1.273341168690958203e-01 3.165624309860808061e-02
7.448297800528472234e-02 1.816555452537627624e-01
-1.453639450356292162e-02 1.299645737196055695e-01
1.525119148170108185e-01 1.571752620891775365e-02
4.130305357484045925e-02 -1.053939640551902479e-01
-6.406705316984784293e-02 -2.868012377609525654e-01
-2.397007414559627625e-01 -7.121939672854057934e-02
-2.932784251378003360e-01 -1.270864901762192578e-01
-3.039675207586313155e-01 -2.422981408979351658e-01
-2.298716004255284273e-01 -2.182382256050927061e-01
-2.032161674764691728e-01 -3.425829442734835140e-01
-1.000294236746257642e-01 -4.294502162934332734e-01
-1.218971573083911797e-01 -1.984111673349752969e-01
-9.849962761487397744e-02 -1.664741842632019575e-01
-2.391623351384377649e-01 -9.857319583020705822e-02
-3.398754908424364563e-02 -1.814472509683056622e-01
1.018960350097026513e-01 -5.243928969764258263e-02
-1.842717192005229043e-01 -1.636610923829380781e-01
1.073831741691417541e-01 -2.278295575386743432e-01
1.142956073028370961e-01 -3.066538106092222549e-01
2.705412001315143367e-01 -3.004728366625579739e-01
3.037315709999838242e-01 -3.895833496763244641e-01
1.719046013846564358e-01 -4.774270524974904006e-01
2.000195709889282247e-01 -4.079198657780251369e-01
7.614218578549691863e-02 -5.014837499610061977e-01
1.685011783348899783e-03 -6.590824092222907771e-01
-1.687456120881831723e-01 -6.352562635208219843e-01
-3.630971220921191955e-01 -4.492413808394990493e-01
-1.931278125324419337e-01 -3.825311593668545562e-01
-8.276905612358588515e-02 -2.394414214206732339e-01
1.156301014057888737e-01 -2.249513019587433271e-02
3.353854457443775638e-01 -1.984707850913753902e-01
1.651208563058307044e-01 -1.917788242702994916e-01
-5.724938266841037016e-02 -2.144482685505441077e-01
-1.637159807948694867e-01 -2.674185434032064768e-01
-2.314180928789770220e-01 -3.003396771136115362e-01
-2.600093889411873582e-01 -2.945071270234786431e-02
-1.426724732944760488e-01 -2.338126134177573312e-02
1.193756743297862966e-01 -7.340788135381696305e-03
6.003360955068579030e-03 1.378525589634508122e-02
1.342009642244362255e-01 1.106394120896399130e-01
1.708911491543288752e-01 2.535579559241397662e-01
2.476965024187617881e-01 2.896473829063436756e-02
1.731295724700273875e-01 7.014563810737495242e-02
-4.763906485879823571e-02 3.832007911075347578e-02
-9.739456441701954681e-02 1.411981545187669940e-01
1.793222177576641596e-01 1.135605476893623150e-01
-9.591477350974866867e-02 2.456778187814324665e-01
-1.953433095403876996e-01 1.432181821273492417e-01
-1.323460147846091950e-01 3.286254284948552096e-01
-1.321294938653901074e-02 3.715464008742327962e-02
6.771052905419712442e-02 1.550376487704726858e-01
2.235815773592856326e-01 1.022078415185904421e-01
1.024303061263222847e-01 1.189438928343097557e-01
2.850505843368200121e-01 1.261037503415408934e-01
3.489648901135877779e-01 6.541862541931459107e-02
1.079850391247820229e-01 7.909905873122921593e-02
1.171415438117945074e-01 1.017961101373287824e-01
1.376291416597686668e-01 1.118098428549464673e-01
3.021189291229118279e-01 8.147782731072664153e-02
1.610310522762282981e-01 1.270262933203479550e-01
2.336884272355689296e-01 -7.508145335931654119e-02
5.492035303371514687e-02 2.197830426585806185e-03
-3.357365127042707953e-02 -4.195933520180439996e-02
2.126625924359034636e-01 7.519278932297379647e-02
9.005870458939765899e-02 2.433724400108030206e-01
1.716025305795119416e-01 4.149288733092024728e-01
2.150109978488794760e-01 2.887762496811263624e-01
1.979649341854192168e-01 2.414767513784041586e-01
2.090569748217829815e-01 3.236539175437938010e-01
3.306031549413541715e-01 3.517827118918881446e-01
3.294896935025830587e-01 3.509762721888897152e-01
2.408645409865461662e-01 3.751004057202489417e-01
1.229678466272201287e-01 2.911082384146979063e-01
3.423274286106516018e-02 3.082413267302099857e-01
9.750889413632057856e-02 3.495838627929631626e-01
1.785635890318463814e-01 3.722326136823660425e-01
1.952160951062845706e-01 1.171753203573066282e-01
2.335464780835035670e-01 2.301996717964620576e-01
3.159881611602677332e-01 3.582618027157618013e-01
6.654674789848960548e-02 5.197485925426736930e-01
2.038191985069469359e-01 3.052113836518727252e-01
1.141012515987838150e-01 1.855077591577437568e-01
6.633516353475549243e-02 1.442388599612914046e-01
2.235508586127240016e-01 -1.003051440289889906e-01
2.784475027356680954e-02 -1.627220205097951178e-02
-2.281892133335571282e-01 7.651622191133131134e-02
-7.032763715680226402e-02 -1.138719011257735558e-01
5.657083348878461093e-02 4.916550328347038534e-02
-1.051014785786058975e-01 -1.343713656777154875e-01
-2.659080909779006907e-01 -1.732288629901269361e-01
-7.849514211106831119e-02 -1.468868693847386053e-02
1.723626662573044532e-01 -2.011261615166680394e-01
6.125425520155072800e-02 -2.840513292879963680e-01
-7.169035113453098296e-02 -6.366697676288771146e-02
1.846782713654350483e-02 -1.700427000886790829e-01
7.247936448212854987e-02 -9.666756269943513336e-02
-1.415211053165921218e-02 4.676550286482677316e-02
-3.866007052227829477e-02 5.793841053228281773e-02
1.000925684803833648e-01 1.075115128557783684e-01
2.308952024100653921e-01 -9.738737495891565399e-02
2.258431610369933396e-01 -1.612326151062636048e-01
3.080209634803077190e-01 -1.701386854030614015e-01
1.462593716673179500e-01 -3.288731249770113774e-01
1.663553742777242606e-01 -1.626719533390443007e-01
2.207646362538416562e-01 -3.251066512132819164e-01
3.016163675728791849e-02 -3.373202550960922030e-01
1.991220104665069601e-01 -4.014516441465094121e-01
8.289882689424030171e-02 -2.152135856784777035e-01
2.278936598714473294e-01 -1.638398453609389571e-01
2.499804365122629546e-01 -2.140855733573445163e-01
9.231949989122834044e-02 -1.171440112465469696e-01
2.598065025064432154e-01 -2.644406980083749414e-02
2.617733538179088937e-01 5.452926760801382611e-02
2.810276407404459498e-01 1.317092832824512394e-01
3.665169323537743606e-01 2.149262940867531779e-01
2.589855739528438283e-01 3.702552252403197852e-01
3.074384956292550153e-01 3.253064300143798659e-01
1.810396580342895356e-01 2.469033951072453770e-01
2.798349926437178059e-01 1.847686099490167266e-02
1.147275181128183108e-01 -1.239820822221398555e-01
2.829900754879912661e-01 -6.648399714316730047e-02
3.675772680922498870e-01 7.192330863318818768e-02
1.959232350737384609e-01 1.029889869086513948e-01
-5.618221742911058691e-02 3.187844984320981068e-03
-2.847155690803946926e-01 9.669547979375045510e-02
-3.398096172437797824e-01 1.101648513960163944e-01
-1.802675234922709036e-01 7.415559835489082818e-03
-2.558061398705526734e-01 -1.430497561446738841e-01
-2.092363418987676915e-01 -8.783178849588818560e-03
-3.155149845801688002e-01 9.577508207217336200e-02
-8.500491481878927336e-02 7.744301698145608648e-02
-2.516024588317986033e-01 6.578942747359897703e-02
-1.886786134623651690e-01 1.221263967721618465e-01
-8.634073043510728795e-02 1.444273910529949578e-01
-2.217740127662648497e-02 5.566339689392457712e-02
6.028090387523321603e-02 -2.206122790055904670e-01
-3.191711057669675833e-02 -1.218133370073211375e-01
-9.989578360962357573e-02 9.273869370905230003e-02
6.686692260007194577e-02 1.574393323594519556e-03
1.147525887394438560e-01 1.883495760328303958e-01
1.586206220461651162e-01 -3.364691251058249399e-02
8.867373728114877340e-02 -8.395873152152422136e-02
-7.636086834882051255e-02 8.742863417997087661e-02
-5.562993439342890645e-02 -7.765799540914315735e-02
-7.013911025031260849e-02 5.005115315372954399e-04
4.605511571903959933e-02 -9.042175553064737969e-02
1.033445163874663619e-01 1.468212840494134974e-01
1.866625616808146038e-01 2.002344381319604294e-01
3.468582088748541903e-01 3.823295357781459902e-01
3.753668747198959377e-01 5.293500422355497115e-01
4.490479725849170767e-01 2.816114599309199606e-01
2.772643214820564306e-01 3.254064973153569240e-01
1.099148834669849417e-01 1.983468043219203392e-01
-4.580121764216196767e-03 -7.966609135732952152e-02
1.478309464370000659e-01 -7.327536984823987409e-02
-2.374545636518576863e-02 -1.487794549329057164e-02
2.229157153271327241e-02 1.491732489203854706e-01
-1.426003923227904535e-02 2.288282897957732709e-01
-1.402777588145350252e-01 6.359030422900088797e-02
5.173290086724632864e-02 2.083864638374244016e-01
8.389563016937601203e-02 2.418458233454169048e-01
2.816148637792644238e-01 1.055058903878287879e-01
2.260416609791703058e-01 2.962087171641695216e-01
3.232719955857385474e-01 3.603403303938611524e-01
2.770889393113780130e-01 5.417986484900600974e-01
1.659496695281198198e-01 2.619422558269820511e-01
-3.299489955837062172e-02 2.270544261164202660e-01
9.487173602386422822e-02 2.095859552900321832e-01
-1.298911837732621977e-02 6.096210793167794462e-02
8.631313397654136188e-02 -2.619906808860418546e-02
-7.913445819108726187e-02 -5.765219902393995538e-02
-1.690922364531248778e-01 -2.034446066770204814e-02
-3.992180408618248300e-02 4.272196053113871267e-02
6.576672676451891797e-02 -4.862232708148119670e-02
1.273602722851986391e-01 1.405661987267697033e-01
2.844165542366612343e-01 8.963003373665542894e-02
7.290410288678325634e-02 6.732198470079842068e-02
2.048492156738434267e-01 -1.739020314373632692e-01
-4.464686984158700023e-02 -9.026189359094180520e-02
-1.203783003775237281e-01 -1.284870593238487679e-01
-2.421053595622946752e-01 -2.508767145820498534e-01
-5.116887152733012867e-02 6.420046187297662188e-03
4.016721788888456823e-02 2.028791784705535062e-01
2.936877165683703800e-02 2.426780206390403982e-01
2.936877165683703800e-02 2.426780206390403982e-01
