4.536426780380117818e-02 1.200852282361224155e-01
-6.282099489184181373e-02 2.127531936048132066e-01
1.394490599165073841e-01 1.628944588165876506e-01
2.499641752458612309e-01 1.716451871933291351e-01
3.475828578349290932e-01 1.747440996566849425e-01
3.071025984842912782e-01 2.140831906397631379e-01
4.697018180726131864e-01 3.483363804252361806e-01
4.414468712923666494e-01 6.455632721540564001e-01
2.513615520866026576e-01 7.673943368538558296e-01
1.960965511285115426e-01 8.370586243723170394e-01
4.610231050367477046e-01 1.021340122445219878e+00
4.610231050367477046e-01 1.021340122445219878e+00
